/*--------------------------------*- C++ -*----------------------------------*\
  =========                 |
  \\      /  F ield         | OpenFOAM: The Open Source CFD Toolbox
   \\    /   O peration     | Website:  https://openfoam.org
    \\  /    A nd           | Version:  8
     \\/     M anipulation  |
\*---------------------------------------------------------------------------*/
FoamFile
{
    version     2.0;
    format      binary;
    class       cellSet;
    location    "constant/polyMesh/sets";
    object      c0;
}
// * * * * * * * * * * * * * * * * * * * * * * * * * * * * * * * * * * * * * //


400
(
18090 
18091 
18092 
18093 
18094 
18095 
18096 
18097 
18098 
18099 
18100 
18101 
18102 
18103 
18104 
18105 
18106 
18107 
18108 
18109 
18290 
18291 
18292 
18293 
18294 
18295 
18296 
18297 
18298 
18299 
18300 
18301 
18302 
18303 
18304 
18305 
18306 
18307 
18308 
18309 
18490 
18491 
18492 
18493 
18494 
18495 
18496 
18497 
18498 
18499 
18500 
18501 
18502 
18503 
18504 
18505 
18506 
18507 
18508 
18509 
18690 
18691 
18692 
18693 
18694 
18695 
18696 
18697 
18698 
18699 
18700 
18701 
18702 
18703 
18704 
18705 
18706 
18707 
18708 
18709 
18890 
18891 
18892 
18893 
18894 
18895 
18896 
18897 
18898 
18899 
18900 
18901 
18902 
18903 
18904 
18905 
18906 
18907 
18908 
18909 
19090 
19091 
19092 
19093 
19094 
19095 
19096 
19097 
19098 
19099 
19100 
19101 
19102 
19103 
19104 
19105 
19106 
19107 
19108 
19109 
19290 
19291 
19292 
19293 
19294 
19295 
19296 
19297 
19298 
19299 
19300 
19301 
19302 
19303 
19304 
19305 
19306 
19307 
19308 
19309 
19490 
19491 
19492 
19493 
19494 
19495 
19496 
19497 
19498 
19499 
19500 
19501 
19502 
19503 
19504 
19505 
19506 
19507 
19508 
19509 
19690 
19691 
19692 
19693 
19694 
19695 
19696 
19697 
19698 
19699 
19700 
19701 
19702 
19703 
19704 
19705 
19706 
19707 
19708 
19709 
19890 
19891 
19892 
19893 
19894 
19895 
19896 
19897 
19898 
19899 
19900 
19901 
19902 
19903 
19904 
19905 
19906 
19907 
19908 
19909 
20090 
20091 
20092 
20093 
20094 
20095 
20096 
20097 
20098 
20099 
20100 
20101 
20102 
20103 
20104 
20105 
20106 
20107 
20108 
20109 
20290 
20291 
20292 
20293 
20294 
20295 
20296 
20297 
20298 
20299 
20300 
20301 
20302 
20303 
20304 
20305 
20306 
20307 
20308 
20309 
20490 
20491 
20492 
20493 
20494 
20495 
20496 
20497 
20498 
20499 
20500 
20501 
20502 
20503 
20504 
20505 
20506 
20507 
20508 
20509 
20690 
20691 
20692 
20693 
20694 
20695 
20696 
20697 
20698 
20699 
20700 
20701 
20702 
20703 
20704 
20705 
20706 
20707 
20708 
20709 
20890 
20891 
20892 
20893 
20894 
20895 
20896 
20897 
20898 
20899 
20900 
20901 
20902 
20903 
20904 
20905 
20906 
20907 
20908 
20909 
21090 
21091 
21092 
21093 
21094 
21095 
21096 
21097 
21098 
21099 
21100 
21101 
21102 
21103 
21104 
21105 
21106 
21107 
21108 
21109 
21290 
21291 
21292 
21293 
21294 
21295 
21296 
21297 
21298 
21299 
21300 
21301 
21302 
21303 
21304 
21305 
21306 
21307 
21308 
21309 
21490 
21491 
21492 
21493 
21494 
21495 
21496 
21497 
21498 
21499 
21500 
21501 
21502 
21503 
21504 
21505 
21506 
21507 
21508 
21509 
21690 
21691 
21692 
21693 
21694 
21695 
21696 
21697 
21698 
21699 
21700 
21701 
21702 
21703 
21704 
21705 
21706 
21707 
21708 
21709 
21890 
21891 
21892 
21893 
21894 
21895 
21896 
21897 
21898 
21899 
21900 
21901 
21902 
21903 
21904 
21905 
21906 
21907 
21908 
21909 
)

// ************************************************************************* //
