/*--------------------------------*- C++ -*----------------------------------*\
  =========                 |
  \\      /  F ield         | OpenFOAM: The Open Source CFD Toolbox
   \\    /   O peration     | Website:  https://openfoam.org
    \\  /    A nd           | Version:  8
     \\/     M anipulation  |
\*---------------------------------------------------------------------------*/
FoamFile
{
    version     2.0;
    format      binary;
    class       cellSet;
    location    "constant/polyMesh/sets";
    object      metal;
}
// * * * * * * * * * * * * * * * * * * * * * * * * * * * * * * * * * * * * * //


1100
(
20480 
20481 
20482 
20483 
20484 
20485 
20486 
20487 
20488 
20489 
20510 
20511 
20512 
20513 
20514 
20515 
20516 
20517 
20518 
20519 
20520 
20521 
20522 
20523 
20524 
20675 
20676 
20677 
20678 
20679 
20680 
20681 
20682 
20683 
20684 
20685 
20686 
20687 
20688 
20689 
20710 
20711 
20712 
20713 
20714 
20715 
20716 
20717 
20718 
20719 
20720 
20721 
20722 
20723 
20724 
20875 
20876 
20877 
20878 
20879 
20880 
20881 
20882 
20883 
20884 
20885 
20886 
20887 
20888 
20889 
20910 
20911 
20912 
20913 
20914 
20915 
20916 
20917 
20918 
20919 
20920 
20921 
20922 
20923 
20924 
21075 
21076 
21077 
21078 
21079 
21080 
21081 
21082 
21083 
21084 
21085 
21086 
21087 
21088 
21089 
21110 
21111 
21112 
21113 
21114 
21115 
21116 
21117 
21118 
21119 
21120 
21121 
21122 
21123 
21124 
17075 
17076 
17077 
17078 
17079 
17080 
17081 
17082 
17083 
17084 
17085 
17086 
17087 
17088 
17089 
17090 
17091 
17092 
17093 
17094 
17095 
17096 
17097 
17098 
17099 
17100 
17101 
17102 
17103 
17104 
17105 
17106 
17107 
17108 
17109 
17110 
17111 
17112 
17113 
17114 
17115 
17116 
17117 
17118 
17119 
17120 
17121 
17122 
17123 
17124 
21275 
21276 
21277 
21278 
21279 
21280 
21281 
21282 
21283 
21284 
21285 
21286 
21287 
21288 
21289 
21310 
21311 
21312 
21313 
21314 
21315 
21316 
21317 
21318 
21319 
21320 
21321 
21322 
21323 
21324 
17275 
17276 
17277 
17278 
17279 
17280 
17281 
17282 
17283 
17284 
17285 
17286 
17287 
17288 
17289 
17290 
17291 
17292 
17293 
17294 
17295 
17296 
17297 
17298 
17299 
17300 
17301 
17302 
17303 
17304 
17305 
17306 
17307 
17308 
17309 
17310 
17311 
17312 
17313 
17314 
17315 
17316 
17317 
17318 
17319 
17320 
17321 
17322 
17323 
17324 
21475 
21476 
21477 
21478 
21479 
21480 
21481 
21482 
21483 
21484 
21485 
21486 
21487 
21488 
21489 
21510 
21511 
21512 
21513 
21514 
21515 
21516 
21517 
21518 
21519 
21520 
21521 
21522 
21523 
21524 
17475 
17476 
17477 
17478 
17479 
17480 
17481 
17482 
17483 
17484 
17485 
17486 
17487 
17488 
17489 
17490 
17491 
17492 
17493 
17494 
17495 
17496 
17497 
17498 
17499 
17500 
17501 
17502 
17503 
17504 
17505 
17506 
17507 
17508 
17509 
17510 
17511 
17512 
17513 
17514 
17515 
17516 
17517 
17518 
17519 
17520 
17521 
17522 
17523 
17524 
21675 
21676 
21677 
21678 
21679 
21680 
21681 
21682 
21683 
21684 
21685 
21686 
21687 
21688 
21689 
21710 
21711 
21712 
21713 
21714 
21715 
21716 
21717 
21718 
21719 
21720 
21721 
21722 
21723 
21724 
17675 
17676 
17677 
17678 
17679 
17680 
17681 
17682 
17683 
17684 
17685 
17686 
17687 
17688 
17689 
17690 
17691 
17692 
17693 
17694 
17695 
17696 
17697 
17698 
17699 
17700 
17701 
17702 
17703 
17704 
17705 
17706 
17707 
17708 
17709 
17710 
17711 
17712 
17713 
17714 
17715 
17716 
17717 
17718 
17719 
17720 
17721 
17722 
17723 
17724 
21875 
21876 
21877 
21878 
21879 
21880 
21881 
21882 
21883 
21884 
21885 
21886 
21887 
21888 
21889 
21910 
21911 
21912 
21913 
21914 
21915 
21916 
21917 
21918 
21919 
21920 
21921 
21922 
21923 
21924 
17875 
17876 
17877 
17878 
17879 
17880 
17881 
17882 
17883 
17884 
17885 
17886 
17887 
17888 
17889 
17890 
17891 
17892 
17893 
17894 
17895 
17896 
17897 
17898 
17899 
17900 
17901 
17902 
17903 
17904 
17905 
17906 
17907 
17908 
17909 
17910 
17911 
17912 
17913 
17914 
17915 
17916 
17917 
17918 
17919 
17920 
17921 
17922 
17923 
17924 
22075 
22076 
22077 
22078 
22079 
22080 
22081 
22082 
22083 
22084 
22085 
22086 
22087 
22088 
22089 
22090 
22091 
22092 
22093 
22094 
22095 
22096 
22097 
22098 
22099 
22100 
22101 
22102 
22103 
22104 
22105 
22106 
22107 
22108 
22109 
22110 
22111 
22112 
22113 
22114 
22115 
22116 
22117 
22118 
22119 
22120 
22121 
22122 
22123 
22124 
18075 
18076 
18077 
18078 
18079 
18080 
18081 
18082 
18083 
18084 
18085 
18086 
18087 
18088 
18089 
18110 
18111 
18112 
18113 
18114 
18115 
18116 
18117 
18118 
18119 
18120 
18121 
18122 
18123 
18124 
22275 
22276 
22277 
22278 
22279 
22280 
22281 
22282 
22283 
22284 
22285 
22286 
22287 
22288 
22289 
22290 
22291 
22292 
22293 
22294 
22295 
22296 
22297 
22298 
22299 
22300 
22301 
22302 
22303 
22304 
22305 
22306 
22307 
22308 
22309 
22310 
22311 
22312 
22313 
22314 
22315 
22316 
22317 
22318 
22319 
22320 
22321 
22322 
22323 
22324 
18275 
18276 
18277 
18278 
18279 
18280 
18281 
18282 
18283 
18284 
18285 
18286 
18287 
18288 
18289 
18310 
18311 
18312 
18313 
18314 
18315 
18316 
18317 
18318 
18319 
18320 
18321 
18322 
18323 
18324 
22475 
22476 
22477 
22478 
22479 
22480 
22481 
22482 
22483 
22484 
22485 
22486 
22487 
22488 
22489 
22490 
22491 
22492 
22493 
22494 
22495 
22496 
22497 
22498 
22499 
22500 
22501 
22502 
22503 
22504 
22505 
22506 
22507 
22508 
22509 
22510 
22511 
22512 
22513 
22514 
22515 
22516 
22517 
22518 
22519 
22520 
22521 
22522 
22523 
22524 
18475 
18476 
18477 
18478 
18479 
18480 
18481 
18482 
18483 
18484 
18485 
18486 
18487 
18488 
18489 
18510 
18511 
18512 
18513 
18514 
18515 
18516 
18517 
18518 
18519 
18520 
18521 
18522 
18523 
18524 
22675 
22676 
22677 
22678 
22679 
22680 
22681 
22682 
22683 
22684 
22685 
22686 
22687 
22688 
22689 
22690 
22691 
22692 
22693 
22694 
22695 
22696 
22697 
22698 
22699 
22700 
22701 
22702 
22703 
22704 
22705 
22706 
22707 
22708 
22709 
22710 
22711 
22712 
22713 
22714 
22715 
22716 
22717 
22718 
22719 
22720 
22721 
22722 
22723 
22724 
18675 
18676 
18677 
18678 
18679 
18680 
18681 
18682 
18683 
18684 
18685 
18686 
18687 
18688 
18689 
18710 
18711 
18712 
18713 
18714 
18715 
18716 
18717 
18718 
18719 
18720 
18721 
18722 
18723 
18724 
22875 
22876 
22877 
22878 
22879 
22880 
22881 
22882 
22883 
22884 
22885 
22886 
22887 
22888 
22889 
22890 
22891 
22892 
22893 
22894 
22895 
22896 
22897 
22898 
22899 
22900 
22901 
22902 
22903 
22904 
22905 
22906 
22907 
22908 
22909 
22910 
22911 
22912 
22913 
22914 
22915 
22916 
22917 
22918 
22919 
22920 
22921 
22922 
22923 
22924 
18875 
18876 
18877 
18878 
18879 
18880 
18881 
18882 
18883 
18884 
18885 
18886 
18887 
18888 
18889 
18910 
18911 
18912 
18913 
18914 
18915 
18916 
18917 
18918 
18919 
18920 
18921 
18922 
18923 
18924 
19075 
19076 
19077 
19078 
19079 
19080 
19081 
19082 
19083 
19084 
19085 
19086 
19087 
19088 
19089 
19110 
19111 
19112 
19113 
19114 
19115 
19116 
19117 
19118 
19119 
19120 
19121 
19122 
19123 
19124 
19275 
19276 
19277 
19278 
19279 
19280 
19281 
19282 
19283 
19284 
19285 
19286 
19287 
19288 
19289 
19310 
19311 
19312 
19313 
19314 
19315 
19316 
19317 
19318 
19319 
19320 
19321 
19322 
19323 
19324 
19475 
19476 
19477 
19478 
19479 
19480 
19481 
19482 
19483 
19484 
19485 
19486 
19487 
19488 
19489 
19510 
19511 
19512 
19513 
19514 
19515 
19516 
19517 
19518 
19519 
19520 
19521 
19522 
19523 
19524 
19675 
19676 
19677 
19678 
19679 
19680 
19681 
19682 
19683 
19684 
19685 
19686 
19687 
19688 
19689 
19710 
19711 
19712 
19713 
19714 
19715 
19716 
19717 
19718 
19719 
19720 
19721 
19722 
19723 
19724 
19875 
19876 
19877 
19878 
19879 
19880 
19881 
19882 
19883 
19884 
19885 
19886 
19887 
19888 
19889 
19910 
19911 
19912 
19913 
19914 
19915 
19916 
19917 
19918 
19919 
19920 
19921 
19922 
19923 
19924 
20075 
20076 
20077 
20078 
20079 
20080 
20081 
20082 
20083 
20084 
20085 
20086 
20087 
20088 
20089 
20110 
20111 
20112 
20113 
20114 
20115 
20116 
20117 
20118 
20119 
20120 
20121 
20122 
20123 
20124 
20275 
20276 
20277 
20278 
20279 
20280 
20281 
20282 
20283 
20284 
20285 
20286 
20287 
20288 
20289 
20310 
20311 
20312 
20313 
20314 
20315 
20316 
20317 
20318 
20319 
20320 
20321 
20322 
20323 
20324 
20475 
20476 
20477 
20478 
20479 
)

// ************************************************************************* //
