/*--------------------------------*- C++ -*----------------------------------*\
  =========                 |
  \\      /  F ield         | OpenFOAM: The Open Source CFD Toolbox
   \\    /   O peration     | Website:  https://openfoam.org
    \\  /    A nd           | Version:  9
     \\/     M anipulation  |
\*---------------------------------------------------------------------------*/
FoamFile
{
    format      binary;
    class       cellSet;
    location    "constant/polyMesh/sets";
    object      C;
}
// * * * * * * * * * * * * * * * * * * * * * * * * * * * * * * * * * * * * * //


6700
(
16384 
16385 
16386 
16387 
16388 
16389 
16390 
16391 
16392 
16393 
16394 
16395 
16396 
16397 
16398 
16399 
133 
134 
135 
136 
137 
138 
139 
140 
141 
142 
143 
144 
145 
146 
147 
148 
16533 
149 
16534 
150 
16535 
151 
16536 
152 
16537 
153 
16538 
154 
16539 
155 
16540 
156 
16541 
157 
16542 
158 
16543 
159 
16544 
160 
16545 
161 
16546 
162 
16547 
163 
16548 
164 
16549 
165 
16550 
166 
16551 
167 
16552 
168 
16553 
169 
16554 
170 
16555 
171 
16556 
172 
16557 
173 
16558 
174 
16559 
175 
16560 
176 
16561 
177 
16562 
178 
16563 
179 
16564 
180 
16565 
181 
16566 
182 
16567 
183 
16568 
184 
16569 
185 
16570 
186 
16571 
187 
16572 
188 
16573 
189 
16574 
190 
16575 
191 
16576 
192 
16577 
193 
16578 
194 
16579 
195 
16580 
196 
16581 
197 
16582 
198 
16583 
199 
16584 
16585 
16586 
16587 
16588 
16589 
16590 
16591 
16592 
16593 
16594 
16595 
16596 
16597 
16598 
16599 
333 
334 
335 
336 
337 
338 
339 
340 
341 
342 
343 
344 
345 
346 
347 
348 
16733 
349 
16734 
350 
16735 
351 
16736 
352 
16737 
353 
16738 
354 
16739 
355 
16740 
356 
16741 
357 
16742 
358 
16743 
359 
16744 
360 
16745 
361 
16746 
362 
16747 
363 
16748 
364 
16749 
365 
16750 
366 
16751 
367 
16752 
368 
16753 
369 
16754 
370 
16755 
371 
16756 
372 
16757 
373 
16758 
374 
16759 
375 
16760 
376 
16761 
377 
16762 
378 
16763 
379 
16764 
380 
16765 
381 
16766 
382 
16767 
383 
16768 
384 
16769 
385 
16770 
386 
16771 
387 
16772 
388 
16773 
389 
16774 
390 
16775 
391 
16776 
392 
16777 
393 
16778 
394 
16779 
395 
16780 
396 
16781 
397 
16782 
398 
16783 
399 
16784 
16785 
16786 
16787 
16788 
16789 
16790 
16791 
16792 
16793 
16794 
16795 
16796 
16797 
16798 
16799 
533 
534 
535 
536 
537 
538 
539 
540 
541 
542 
543 
544 
545 
546 
547 
548 
16933 
549 
16934 
550 
16935 
551 
16936 
552 
16937 
553 
16938 
554 
16939 
555 
16940 
556 
16941 
557 
16942 
558 
16943 
559 
16944 
560 
16945 
561 
16946 
562 
16947 
563 
16948 
564 
16949 
565 
16950 
566 
16951 
567 
16952 
568 
16953 
569 
16954 
570 
16955 
571 
16956 
572 
16957 
573 
16958 
574 
16959 
575 
16960 
576 
16961 
577 
16962 
578 
16963 
579 
16964 
580 
16965 
581 
16966 
582 
16967 
583 
16968 
584 
16969 
585 
16970 
586 
16971 
587 
16972 
588 
16973 
589 
16974 
590 
16975 
591 
16976 
592 
16977 
593 
16978 
594 
16979 
595 
16980 
596 
16981 
597 
16982 
598 
16983 
599 
16984 
16985 
16986 
16987 
16988 
16989 
16990 
16991 
16992 
16993 
16994 
16995 
16996 
16997 
16998 
16999 
733 
734 
735 
736 
737 
738 
739 
740 
741 
742 
743 
744 
745 
746 
747 
748 
17133 
749 
17134 
750 
17135 
751 
17136 
752 
17137 
753 
17138 
754 
17139 
755 
17140 
756 
17141 
757 
17142 
758 
17143 
759 
17144 
760 
17145 
761 
17146 
762 
17147 
763 
17148 
764 
17149 
765 
17150 
766 
17151 
767 
17152 
768 
17153 
769 
17154 
770 
17155 
771 
17156 
772 
17157 
773 
17158 
774 
17159 
775 
17160 
776 
17161 
777 
17162 
778 
17163 
779 
17164 
780 
17165 
781 
17166 
782 
17167 
783 
17168 
784 
17169 
785 
17170 
786 
17171 
787 
17172 
788 
17173 
789 
17174 
790 
17175 
791 
17176 
792 
17177 
793 
17178 
794 
17179 
795 
17180 
796 
17181 
797 
17182 
798 
17183 
799 
17184 
17185 
17186 
17187 
17188 
17189 
17190 
17191 
17192 
17193 
17194 
17195 
17196 
17197 
17198 
17199 
933 
934 
935 
936 
937 
938 
939 
940 
941 
942 
943 
944 
945 
946 
947 
948 
17333 
949 
17334 
950 
17335 
951 
17336 
952 
17337 
953 
17338 
954 
17339 
955 
17340 
956 
17341 
957 
17342 
958 
17343 
959 
17344 
960 
17345 
961 
17346 
962 
17347 
963 
17348 
964 
17349 
965 
17350 
966 
17351 
967 
17352 
968 
17353 
969 
17354 
970 
17355 
971 
17356 
972 
17357 
973 
17358 
974 
17359 
975 
17360 
976 
17361 
977 
17362 
978 
17363 
979 
17364 
980 
17365 
981 
17366 
982 
17367 
983 
17368 
984 
17369 
985 
17370 
986 
17371 
987 
17372 
988 
17373 
989 
17374 
990 
17375 
991 
17376 
992 
17377 
993 
17378 
994 
17379 
995 
17380 
996 
17381 
997 
17382 
998 
17383 
999 
17384 
17385 
17386 
17387 
17388 
17389 
17390 
17391 
17392 
17393 
17394 
17395 
17396 
17397 
17398 
17399 
1133 
1134 
1135 
1136 
1137 
1138 
1139 
1140 
1141 
1142 
1143 
1144 
1145 
1146 
1147 
1148 
17533 
1149 
17534 
1150 
17535 
1151 
17536 
1152 
17537 
1153 
17538 
1154 
17539 
1155 
17540 
1156 
17541 
1157 
17542 
1158 
17543 
1159 
17544 
1160 
17545 
1161 
17546 
1162 
17547 
1163 
17548 
1164 
17549 
1165 
17550 
1166 
17551 
1167 
17552 
1168 
17553 
1169 
17554 
1170 
17555 
1171 
17556 
1172 
17557 
1173 
17558 
1174 
17559 
1175 
17560 
1176 
17561 
1177 
17562 
1178 
17563 
1179 
17564 
1180 
17565 
1181 
17566 
1182 
17567 
1183 
17568 
1184 
17569 
1185 
17570 
1186 
17571 
1187 
17572 
1188 
17573 
1189 
17574 
1190 
17575 
1191 
17576 
1192 
17577 
1193 
17578 
1194 
17579 
1195 
17580 
1196 
17581 
1197 
17582 
1198 
17583 
1199 
17584 
17585 
17586 
17587 
17588 
17589 
17590 
17591 
17592 
17593 
17594 
17595 
17596 
17597 
17598 
17599 
1333 
1334 
1335 
1336 
1337 
1338 
1339 
1340 
1341 
1342 
1343 
1344 
1345 
1346 
1347 
1348 
17733 
1349 
17734 
1350 
17735 
1351 
17736 
1352 
17737 
1353 
17738 
1354 
17739 
1355 
17740 
1356 
17741 
1357 
17742 
1358 
17743 
1359 
17744 
1360 
17745 
1361 
17746 
1362 
17747 
1363 
17748 
1364 
17749 
1365 
17750 
1366 
17751 
1367 
17752 
1368 
17753 
1369 
17754 
1370 
17755 
1371 
17756 
1372 
17757 
1373 
17758 
1374 
17759 
1375 
17760 
1376 
17761 
1377 
17762 
1378 
17763 
1379 
17764 
1380 
17765 
1381 
17766 
1382 
17767 
1383 
17768 
1384 
17769 
1385 
17770 
1386 
17771 
1387 
17772 
1388 
17773 
1389 
17774 
1390 
17775 
1391 
17776 
1392 
17777 
1393 
17778 
1394 
17779 
1395 
17780 
1396 
17781 
1397 
17782 
1398 
17783 
1399 
17784 
17785 
17786 
17787 
17788 
17789 
17790 
17791 
17792 
17793 
17794 
17795 
17796 
17797 
17798 
17799 
1533 
1534 
1535 
1536 
1537 
1538 
1539 
1540 
1541 
1542 
1543 
1544 
1545 
1546 
1547 
1548 
17933 
1549 
17934 
1550 
17935 
1551 
17936 
1552 
17937 
1553 
17938 
1554 
17939 
1555 
17940 
1556 
17941 
1557 
17942 
1558 
17943 
1559 
17944 
1560 
17945 
1561 
17946 
1562 
17947 
1563 
17948 
1564 
17949 
1565 
17950 
1566 
17951 
1567 
17952 
1568 
17953 
1569 
17954 
1570 
17955 
1571 
17956 
1572 
17957 
1573 
17958 
1574 
17959 
1575 
17960 
1576 
17961 
1577 
17962 
1578 
17963 
1579 
17964 
1580 
17965 
1581 
17966 
1582 
17967 
1583 
17968 
1584 
17969 
1585 
17970 
1586 
17971 
1587 
17972 
1588 
17973 
1589 
17974 
1590 
17975 
1591 
17976 
1592 
17977 
1593 
17978 
1594 
17979 
1595 
17980 
1596 
17981 
1597 
17982 
1598 
17983 
1599 
17984 
17985 
17986 
17987 
17988 
17989 
17990 
17991 
17992 
17993 
17994 
17995 
17996 
17997 
17998 
17999 
1733 
1734 
1735 
1736 
1737 
1738 
1739 
1740 
1741 
1742 
1743 
1744 
1745 
1746 
1747 
1748 
18133 
1749 
18134 
1750 
18135 
1751 
18136 
1752 
18137 
1753 
18138 
1754 
18139 
1755 
18140 
1756 
18141 
1757 
18142 
1758 
18143 
1759 
18144 
1760 
18145 
1761 
18146 
1762 
18147 
1763 
18148 
1764 
18149 
1765 
18150 
1766 
18151 
1767 
18152 
1768 
18153 
1769 
18154 
1770 
18155 
1771 
18156 
1772 
18157 
1773 
18158 
1774 
18159 
1775 
18160 
1776 
18161 
1777 
18162 
1778 
18163 
1779 
18164 
1780 
18165 
1781 
18166 
1782 
18167 
1783 
18168 
1784 
18169 
1785 
18170 
1786 
18171 
1787 
18172 
1788 
18173 
1789 
18174 
1790 
18175 
1791 
18176 
1792 
18177 
1793 
18178 
1794 
18179 
1795 
18180 
1796 
18181 
1797 
18182 
1798 
18183 
1799 
18184 
18185 
18186 
18187 
18188 
18189 
18190 
18191 
18192 
18193 
18194 
18195 
18196 
18197 
18198 
18199 
1933 
1934 
1935 
1936 
1937 
1938 
1939 
1940 
1941 
1942 
1943 
1944 
1945 
1946 
1947 
1948 
18333 
1949 
18334 
1950 
18335 
1951 
18336 
1952 
18337 
1953 
18338 
1954 
18339 
1955 
18340 
1956 
18341 
1957 
18342 
1958 
18343 
1959 
18344 
1960 
18345 
1961 
18346 
1962 
18347 
1963 
18348 
1964 
18349 
1965 
18350 
1966 
18351 
1967 
18352 
1968 
18353 
1969 
18354 
1970 
18355 
1971 
18356 
1972 
18357 
1973 
18358 
1974 
18359 
1975 
18360 
1976 
18361 
1977 
18362 
1978 
18363 
1979 
18364 
1980 
18365 
1981 
18366 
1982 
18367 
1983 
18368 
1984 
18369 
1985 
18370 
1986 
18371 
1987 
18372 
1988 
18373 
1989 
18374 
1990 
18375 
1991 
18376 
1992 
18377 
1993 
18378 
1994 
18379 
1995 
18380 
1996 
18381 
1997 
18382 
1998 
18383 
1999 
18384 
18385 
18386 
18387 
18388 
18389 
18390 
18391 
18392 
18393 
18394 
18395 
18396 
18397 
18398 
18399 
2133 
2134 
2135 
2136 
2137 
2138 
2139 
2140 
2141 
2142 
2143 
2144 
2145 
2146 
2147 
2148 
18533 
2149 
18534 
2150 
18535 
2151 
18536 
2152 
18537 
2153 
18538 
2154 
18539 
2155 
18540 
2156 
18541 
2157 
18542 
2158 
18543 
2159 
18544 
2160 
18545 
2161 
18546 
2162 
18547 
2163 
18548 
2164 
18549 
2165 
18550 
2166 
18551 
2167 
18552 
2168 
18553 
2169 
18554 
2170 
18555 
2171 
18556 
2172 
18557 
2173 
18558 
2174 
18559 
2175 
18560 
2176 
18561 
2177 
18562 
2178 
18563 
2179 
18564 
2180 
18565 
2181 
18566 
2182 
18567 
2183 
18568 
2184 
18569 
2185 
18570 
2186 
18571 
2187 
18572 
2188 
18573 
2189 
18574 
2190 
18575 
2191 
18576 
2192 
18577 
2193 
18578 
2194 
18579 
2195 
18580 
2196 
18581 
2197 
18582 
2198 
18583 
2199 
18584 
18585 
18586 
18587 
18588 
18589 
18590 
18591 
18592 
18593 
18594 
18595 
18596 
18597 
18598 
18599 
2333 
2334 
2335 
2336 
2337 
2338 
2339 
2340 
2341 
2342 
2343 
2344 
2345 
2346 
2347 
2348 
18733 
2349 
18734 
2350 
18735 
2351 
18736 
2352 
18737 
2353 
18738 
2354 
18739 
2355 
18740 
2356 
18741 
2357 
18742 
2358 
18743 
2359 
18744 
2360 
18745 
2361 
18746 
2362 
18747 
2363 
18748 
2364 
18749 
2365 
18750 
2366 
18751 
2367 
18752 
2368 
18753 
2369 
18754 
2370 
18755 
2371 
18756 
2372 
18757 
2373 
18758 
2374 
18759 
2375 
18760 
2376 
18761 
2377 
18762 
2378 
18763 
2379 
18764 
2380 
18765 
2381 
18766 
2382 
18767 
2383 
18768 
2384 
18769 
2385 
18770 
2386 
18771 
2387 
18772 
2388 
18773 
2389 
18774 
2390 
18775 
2391 
18776 
2392 
18777 
2393 
18778 
2394 
18779 
2395 
18780 
2396 
18781 
2397 
18782 
2398 
18783 
2399 
18784 
18785 
18786 
18787 
18788 
18789 
18790 
18791 
18792 
18793 
18794 
18795 
18796 
18797 
18798 
18799 
2533 
2534 
2535 
2536 
2537 
2538 
2539 
2540 
2541 
2542 
2543 
2544 
2545 
2546 
2547 
2548 
18933 
2549 
18934 
2550 
18935 
2551 
18936 
2552 
18937 
2553 
18938 
2554 
18939 
2555 
18940 
2556 
18941 
2557 
18942 
2558 
18943 
2559 
18944 
2560 
18945 
2561 
18946 
2562 
18947 
2563 
18948 
2564 
18949 
2565 
18950 
2566 
18951 
2567 
18952 
2568 
18953 
2569 
18954 
2570 
18955 
2571 
18956 
2572 
18957 
2573 
18958 
2574 
18959 
2575 
18960 
2576 
18961 
2577 
18962 
2578 
18963 
2579 
18964 
2580 
18965 
2581 
18966 
2582 
18967 
2583 
18968 
2584 
18969 
2585 
18970 
2586 
18971 
2587 
18972 
2588 
18973 
2589 
18974 
2590 
18975 
2591 
18976 
2592 
18977 
2593 
18978 
2594 
18979 
2595 
18980 
2596 
18981 
2597 
18982 
2598 
18983 
2599 
18984 
18985 
18986 
18987 
18988 
18989 
18990 
18991 
18992 
18993 
18994 
18995 
18996 
18997 
18998 
18999 
2733 
2734 
2735 
2736 
2737 
2738 
2739 
2740 
2741 
2742 
2743 
2744 
2745 
2746 
2747 
2748 
19133 
2749 
19134 
2750 
19135 
2751 
19136 
2752 
19137 
2753 
19138 
2754 
19139 
2755 
19140 
2756 
19141 
2757 
19142 
2758 
19143 
2759 
19144 
2760 
19145 
2761 
19146 
2762 
19147 
2763 
19148 
2764 
19149 
2765 
19150 
2766 
19151 
2767 
19152 
2768 
19153 
2769 
19154 
2770 
19155 
2771 
19156 
2772 
19157 
2773 
19158 
2774 
19159 
2775 
19160 
2776 
19161 
2777 
19162 
2778 
19163 
2779 
19164 
2780 
19165 
2781 
19166 
2782 
19167 
2783 
19168 
2784 
19169 
2785 
19170 
2786 
19171 
2787 
19172 
2788 
19173 
2789 
19174 
2790 
19175 
2791 
19176 
2792 
19177 
2793 
19178 
2794 
19179 
2795 
19180 
2796 
19181 
2797 
19182 
2798 
19183 
2799 
19184 
19185 
19186 
19187 
19188 
19189 
19190 
19191 
19192 
19193 
19194 
19195 
19196 
19197 
19198 
19199 
2933 
2934 
2935 
2936 
2937 
2938 
2939 
2940 
2941 
2942 
2943 
2944 
2945 
2946 
2947 
2948 
19333 
2949 
19334 
2950 
19335 
2951 
19336 
2952 
19337 
2953 
19338 
2954 
19339 
2955 
19340 
2956 
19341 
2957 
19342 
2958 
19343 
2959 
19344 
2960 
19345 
2961 
19346 
2962 
19347 
2963 
19348 
2964 
19349 
2965 
19350 
2966 
19351 
2967 
19352 
2968 
19353 
2969 
19354 
2970 
19355 
2971 
19356 
2972 
19357 
2973 
19358 
2974 
19359 
2975 
19360 
2976 
19361 
2977 
19362 
2978 
19363 
2979 
19364 
2980 
19365 
2981 
19366 
2982 
19367 
2983 
19368 
2984 
19369 
2985 
19370 
2986 
19371 
2987 
19372 
2988 
19373 
2989 
19374 
2990 
19375 
2991 
19376 
2992 
19377 
2993 
19378 
2994 
19379 
2995 
19380 
2996 
19381 
2997 
19382 
2998 
19383 
2999 
19384 
19385 
19386 
19387 
19388 
19389 
19390 
19391 
19392 
19393 
19394 
19395 
19396 
19397 
19398 
19399 
3133 
3134 
3135 
3136 
3137 
3138 
3139 
3140 
3141 
3142 
3143 
3144 
3145 
3146 
3147 
3148 
19533 
3149 
19534 
3150 
19535 
3151 
19536 
3152 
19537 
3153 
19538 
3154 
19539 
3155 
19540 
3156 
19541 
3157 
19542 
3158 
19543 
3159 
19544 
3160 
19545 
3161 
19546 
3162 
19547 
3163 
19548 
3164 
19549 
3165 
19550 
3166 
19551 
3167 
19552 
3168 
19553 
3169 
19554 
3170 
19555 
3171 
19556 
3172 
19557 
3173 
19558 
3174 
19559 
3175 
19560 
3176 
19561 
3177 
19562 
3178 
19563 
3179 
19564 
3180 
19565 
3181 
19566 
3182 
19567 
3183 
19568 
3184 
19569 
3185 
19570 
3186 
19571 
3187 
19572 
3188 
19573 
3189 
19574 
3190 
19575 
3191 
19576 
3192 
19577 
3193 
19578 
3194 
19579 
3195 
19580 
3196 
19581 
3197 
19582 
3198 
19583 
3199 
19584 
19585 
19586 
19587 
19588 
19589 
19590 
19591 
19592 
19593 
19594 
19595 
19596 
19597 
19598 
19599 
3333 
3334 
3335 
3336 
3337 
3338 
3339 
3340 
3341 
3342 
3343 
3344 
3345 
3346 
3347 
3348 
19733 
3349 
19734 
3350 
19735 
3351 
19736 
3352 
19737 
3353 
19738 
3354 
19739 
3355 
19740 
3356 
19741 
3357 
19742 
3358 
19743 
3359 
19744 
3360 
19745 
3361 
19746 
3362 
19747 
3363 
19748 
3364 
19749 
3365 
19750 
3366 
19751 
3367 
19752 
3368 
19753 
3369 
19754 
3370 
19755 
3371 
19756 
3372 
19757 
3373 
19758 
3374 
19759 
3375 
19760 
3376 
19761 
3377 
19762 
3378 
19763 
3379 
19764 
3380 
19765 
3381 
19766 
3382 
19767 
3383 
19768 
3384 
19769 
3385 
19770 
3386 
19771 
3387 
19772 
3388 
19773 
3389 
19774 
3390 
19775 
3391 
19776 
3392 
19777 
3393 
19778 
3394 
19779 
3395 
19780 
3396 
19781 
3397 
19782 
3398 
19783 
3399 
19784 
19785 
19786 
19787 
19788 
19789 
19790 
19791 
19792 
19793 
19794 
19795 
19796 
19797 
19798 
19799 
3533 
3534 
3535 
3536 
3537 
3538 
3539 
3540 
3541 
3542 
3543 
3544 
3545 
3546 
3547 
3548 
19933 
3549 
19934 
3550 
19935 
3551 
19936 
3552 
19937 
3553 
19938 
3554 
19939 
3555 
19940 
3556 
19941 
3557 
19942 
3558 
19943 
3559 
19944 
3560 
19945 
3561 
19946 
3562 
19947 
3563 
19948 
3564 
19949 
3565 
19950 
3566 
19951 
3567 
19952 
3568 
19953 
3569 
19954 
3570 
19955 
3571 
19956 
3572 
19957 
3573 
19958 
3574 
19959 
3575 
19960 
3576 
19961 
3577 
19962 
3578 
19963 
3579 
19964 
3580 
19965 
3581 
19966 
3582 
19967 
3583 
19968 
3584 
19969 
3585 
19970 
3586 
19971 
3587 
19972 
3588 
19973 
3589 
19974 
3590 
19975 
3591 
19976 
3592 
19977 
3593 
19978 
3594 
19979 
3595 
19980 
3596 
19981 
3597 
19982 
3598 
19983 
3599 
19984 
19985 
19986 
19987 
19988 
19989 
19990 
19991 
19992 
19993 
19994 
19995 
19996 
19997 
19998 
19999 
3733 
3734 
3735 
3736 
3737 
3738 
3739 
3740 
3741 
3742 
3743 
3744 
3745 
3746 
3747 
3748 
3749 
3750 
3751 
3752 
3753 
3754 
3755 
3756 
3757 
3758 
3759 
3760 
3761 
3762 
3763 
3764 
3765 
3766 
3767 
3768 
3769 
3770 
3771 
3772 
3773 
3774 
3775 
3776 
3777 
3778 
3779 
3780 
3781 
3782 
3783 
3784 
3785 
3786 
3787 
3788 
3789 
3790 
3791 
3792 
3793 
3794 
3795 
3796 
3797 
3798 
3799 
3933 
3934 
3935 
3936 
3937 
3938 
3939 
3940 
3941 
3942 
3943 
3944 
3945 
3946 
3947 
3948 
3949 
3950 
3951 
3952 
3953 
3954 
3955 
3956 
3957 
3958 
3959 
3960 
3961 
3962 
3963 
3964 
3965 
3966 
3967 
3968 
3969 
3970 
3971 
3972 
3973 
3974 
3975 
3976 
3977 
3978 
3979 
3980 
3981 
3982 
3983 
3984 
3985 
3986 
3987 
3988 
3989 
3990 
3991 
3992 
3993 
3994 
3995 
3996 
3997 
3998 
3999 
4133 
4134 
4135 
4136 
4137 
4138 
4139 
4140 
4141 
4142 
4143 
4144 
4145 
4146 
4147 
4148 
4149 
4150 
4151 
4152 
4153 
4154 
4155 
4156 
4157 
4158 
4159 
4160 
4161 
4162 
4163 
4164 
4165 
4166 
4167 
4168 
4169 
4170 
4171 
4172 
4173 
4174 
4175 
4176 
4177 
4178 
4179 
4180 
4181 
4182 
4183 
4184 
4185 
4186 
4187 
4188 
4189 
4190 
4191 
4192 
4193 
4194 
4195 
4196 
4197 
4198 
4199 
4333 
4334 
4335 
4336 
4337 
4338 
4339 
4340 
4341 
4342 
4343 
4344 
4345 
4346 
4347 
4348 
4349 
4350 
4351 
4352 
4353 
4354 
4355 
4356 
4357 
4358 
4359 
4360 
4361 
4362 
4363 
4364 
4365 
4366 
4367 
4368 
4369 
4370 
4371 
4372 
4373 
4374 
4375 
4376 
4377 
4378 
4379 
4380 
4381 
4382 
4383 
4384 
4385 
4386 
4387 
4388 
4389 
4390 
4391 
4392 
4393 
4394 
4395 
4396 
4397 
4398 
4399 
4533 
4534 
4535 
4536 
4537 
4538 
4539 
4540 
4541 
4542 
4543 
4544 
4545 
4546 
4547 
4548 
4549 
4550 
4551 
4552 
4553 
4554 
4555 
4556 
4557 
4558 
4559 
4560 
4561 
4562 
4563 
4564 
4565 
4566 
4567 
4568 
4569 
4570 
4571 
4572 
4573 
4574 
4575 
4576 
4577 
4578 
4579 
4580 
4581 
4582 
4583 
4584 
4585 
4586 
4587 
4588 
4589 
4590 
4591 
4592 
4593 
4594 
4595 
4596 
4597 
4598 
4599 
4733 
4734 
4735 
4736 
4737 
4738 
4739 
4740 
4741 
4742 
4743 
4744 
4745 
4746 
4747 
4748 
4749 
4750 
4751 
4752 
4753 
4754 
4755 
4756 
4757 
4758 
4759 
4760 
4761 
4762 
4763 
4764 
4765 
4766 
4767 
4768 
4769 
4770 
4771 
4772 
4773 
4774 
4775 
4776 
4777 
4778 
4779 
4780 
4781 
4782 
4783 
4784 
4785 
4786 
4787 
4788 
4789 
4790 
4791 
4792 
4793 
4794 
4795 
4796 
4797 
4798 
4799 
4933 
4934 
4935 
4936 
4937 
4938 
4939 
4940 
4941 
4942 
4943 
4944 
4945 
4946 
4947 
4948 
4949 
4950 
4951 
4952 
4953 
4954 
4955 
4956 
4957 
4958 
4959 
4960 
4961 
4962 
4963 
4964 
4965 
4966 
4967 
4968 
4969 
4970 
4971 
4972 
4973 
4974 
4975 
4976 
4977 
4978 
4979 
4980 
4981 
4982 
4983 
4984 
4985 
4986 
4987 
4988 
4989 
4990 
4991 
4992 
4993 
4994 
4995 
4996 
4997 
4998 
4999 
5133 
5134 
5135 
5136 
5137 
5138 
5139 
5140 
5141 
5142 
5143 
5144 
5145 
5146 
5147 
5148 
5149 
5150 
5151 
5152 
5153 
5154 
5155 
5156 
5157 
5158 
5159 
5160 
5161 
5162 
5163 
5164 
5165 
5166 
5167 
5168 
5169 
5170 
5171 
5172 
5173 
5174 
5175 
5176 
5177 
5178 
5179 
5180 
5181 
5182 
5183 
5184 
5185 
5186 
5187 
5188 
5189 
5190 
5191 
5192 
5193 
5194 
5195 
5196 
5197 
5198 
5199 
5333 
5334 
5335 
5336 
5337 
5338 
5339 
5340 
5341 
5342 
5343 
5344 
5345 
5346 
5347 
5348 
5349 
5350 
5351 
5352 
5353 
5354 
5355 
5356 
5357 
5358 
5359 
5360 
5361 
5362 
5363 
5364 
5365 
5366 
5367 
5368 
5369 
5370 
5371 
5372 
5373 
5374 
5375 
5376 
5377 
5378 
5379 
5380 
5381 
5382 
5383 
5384 
5385 
5386 
5387 
5388 
5389 
5390 
5391 
5392 
5393 
5394 
5395 
5396 
5397 
5398 
5399 
5533 
5534 
5535 
5536 
5537 
5538 
5539 
5540 
5541 
5542 
5543 
5544 
5545 
5546 
5547 
5548 
5549 
5550 
5551 
5552 
5553 
5554 
5555 
5556 
5557 
5558 
5559 
5560 
5561 
5562 
5563 
5564 
5565 
5566 
5567 
5568 
5569 
5570 
5571 
5572 
5573 
5574 
5575 
5576 
5577 
5578 
5579 
5580 
5581 
5582 
5583 
5584 
5585 
5586 
5587 
5588 
5589 
5590 
5591 
5592 
5593 
5594 
5595 
5596 
5597 
5598 
5599 
5733 
5734 
5735 
5736 
5737 
5738 
5739 
5740 
5741 
5742 
5743 
5744 
5745 
5746 
5747 
5748 
5749 
5750 
5751 
5752 
5753 
5754 
5755 
5756 
5757 
5758 
5759 
5760 
5761 
5762 
5763 
5764 
5765 
5766 
5767 
5768 
5769 
5770 
5771 
5772 
5773 
5774 
5775 
5776 
5777 
5778 
5779 
5780 
5781 
5782 
5783 
5784 
5785 
5786 
5787 
5788 
5789 
5790 
5791 
5792 
5793 
5794 
5795 
5796 
5797 
5798 
5799 
5933 
5934 
5935 
5936 
5937 
5938 
5939 
5940 
5941 
5942 
5943 
5944 
5945 
5946 
5947 
5948 
5949 
5950 
5951 
5952 
5953 
5954 
5955 
5956 
5957 
5958 
5959 
5960 
5961 
5962 
5963 
5964 
5965 
5966 
5967 
5968 
5969 
5970 
5971 
5972 
5973 
5974 
5975 
5976 
5977 
5978 
5979 
5980 
5981 
5982 
5983 
5984 
5985 
5986 
5987 
5988 
5989 
5990 
5991 
5992 
5993 
5994 
5995 
5996 
5997 
5998 
5999 
6133 
6134 
6135 
6136 
6137 
6138 
6139 
6140 
6141 
6142 
6143 
6144 
6145 
6146 
6147 
6148 
6149 
6150 
6151 
6152 
6153 
6154 
6155 
6156 
6157 
6158 
6159 
6160 
6161 
6162 
6163 
6164 
6165 
6166 
6167 
6168 
6169 
6170 
6171 
6172 
6173 
6174 
6175 
6176 
6177 
6178 
6179 
6180 
6181 
6182 
6183 
6184 
6185 
6186 
6187 
6188 
6189 
6190 
6191 
6192 
6193 
6194 
6195 
6196 
6197 
6198 
6199 
6333 
6334 
6335 
6336 
6337 
6338 
6339 
6340 
6341 
6342 
6343 
6344 
6345 
6346 
6347 
6348 
6349 
6350 
6351 
6352 
6353 
6354 
6355 
6356 
6357 
6358 
6359 
6360 
6361 
6362 
6363 
6364 
6365 
6366 
6367 
6368 
6369 
6370 
6371 
6372 
6373 
6374 
6375 
6376 
6377 
6378 
6379 
6380 
6381 
6382 
6383 
6384 
6385 
6386 
6387 
6388 
6389 
6390 
6391 
6392 
6393 
6394 
6395 
6396 
6397 
6398 
6399 
6533 
6534 
6535 
6536 
6537 
6538 
6539 
6540 
6541 
6542 
6543 
6544 
6545 
6546 
6547 
6548 
6549 
6550 
6551 
6552 
6553 
6554 
6555 
6556 
6557 
6558 
6559 
6560 
6561 
6562 
6563 
6564 
6565 
6566 
6567 
6568 
6569 
6570 
6571 
6572 
6573 
6574 
6575 
6576 
6577 
6578 
6579 
6580 
6581 
6582 
6583 
6584 
6585 
6586 
6587 
6588 
6589 
6590 
6591 
6592 
6593 
6594 
6595 
6596 
6597 
6598 
6599 
6733 
6734 
6735 
6736 
6737 
6738 
6739 
6740 
6741 
6742 
6743 
6744 
6745 
6746 
6747 
6748 
6749 
6750 
6751 
6752 
6753 
6754 
6755 
6756 
6757 
6758 
6759 
6760 
6761 
6762 
6763 
6764 
6765 
6766 
6767 
6768 
6769 
6770 
6771 
6772 
6773 
6774 
6775 
6776 
6777 
6778 
6779 
6780 
6781 
6782 
6783 
6784 
6785 
6786 
6787 
6788 
6789 
6790 
6791 
6792 
6793 
6794 
6795 
6796 
6797 
6798 
6799 
6933 
6934 
6935 
6936 
6937 
6938 
6939 
6940 
6941 
6942 
6943 
6944 
6945 
6946 
6947 
6948 
6949 
6950 
6951 
6952 
6953 
6954 
6955 
6956 
6957 
6958 
6959 
6960 
6961 
6962 
6963 
6964 
6965 
6966 
6967 
6968 
6969 
6970 
6971 
6972 
6973 
6974 
6975 
6976 
6977 
6978 
6979 
6980 
6981 
6982 
6983 
6984 
6985 
6986 
6987 
6988 
6989 
6990 
6991 
6992 
6993 
6994 
6995 
6996 
6997 
6998 
6999 
7133 
7134 
7135 
7136 
7137 
7138 
7139 
7140 
7141 
7142 
7143 
7144 
7145 
7146 
7147 
7148 
7149 
7150 
7151 
7152 
7153 
7154 
7155 
7156 
7157 
7158 
7159 
7160 
7161 
7162 
7163 
7164 
7165 
7166 
7167 
7168 
7169 
7170 
7171 
7172 
7173 
7174 
7175 
7176 
7177 
7178 
7179 
7180 
7181 
7182 
7183 
7184 
7185 
7186 
7187 
7188 
7189 
7190 
7191 
7192 
7193 
7194 
7195 
7196 
7197 
7198 
7199 
7333 
7334 
7335 
7336 
7337 
7338 
7339 
7340 
7341 
7342 
7343 
7344 
7345 
7346 
7347 
7348 
7349 
7350 
7351 
7352 
7353 
7354 
7355 
7356 
7357 
7358 
7359 
7360 
7361 
7362 
7363 
7364 
7365 
7366 
7367 
7368 
7369 
7370 
7371 
7372 
7373 
7374 
7375 
7376 
7377 
7378 
7379 
7380 
7381 
7382 
7383 
7384 
7385 
7386 
7387 
7388 
7389 
7390 
7391 
7392 
7393 
7394 
7395 
7396 
7397 
7398 
7399 
7533 
7534 
7535 
7536 
7537 
7538 
7539 
7540 
7541 
7542 
7543 
7544 
7545 
7546 
7547 
7548 
7549 
7550 
7551 
7552 
7553 
7554 
7555 
7556 
7557 
7558 
7559 
7560 
7561 
7562 
7563 
7564 
7565 
7566 
7567 
7568 
7569 
7570 
7571 
7572 
7573 
7574 
7575 
7576 
7577 
7578 
7579 
7580 
7581 
7582 
7583 
7584 
7585 
7586 
7587 
7588 
7589 
7590 
7591 
7592 
7593 
7594 
7595 
7596 
7597 
7598 
7599 
7733 
7734 
7735 
7736 
7737 
7738 
7739 
7740 
7741 
7742 
7743 
7744 
7745 
7746 
7747 
7748 
7749 
7750 
7751 
7752 
7753 
7754 
7755 
7756 
7757 
7758 
7759 
7760 
7761 
7762 
7763 
7764 
7765 
7766 
7767 
7768 
7769 
7770 
7771 
7772 
7773 
7774 
7775 
7776 
7777 
7778 
7779 
7780 
7781 
7782 
7783 
7784 
7785 
7786 
7787 
7788 
7789 
7790 
7791 
7792 
7793 
7794 
7795 
7796 
7797 
7798 
7799 
7933 
7934 
7935 
7936 
7937 
7938 
7939 
7940 
7941 
7942 
7943 
7944 
7945 
7946 
7947 
7948 
7949 
7950 
7951 
7952 
7953 
7954 
7955 
7956 
7957 
7958 
7959 
7960 
7961 
7962 
7963 
7964 
7965 
7966 
7967 
7968 
7969 
7970 
7971 
7972 
7973 
7974 
7975 
7976 
7977 
7978 
7979 
7980 
7981 
7982 
7983 
7984 
7985 
7986 
7987 
7988 
7989 
7990 
7991 
7992 
7993 
7994 
7995 
7996 
7997 
7998 
7999 
8133 
8134 
8135 
8136 
8137 
8138 
8139 
8140 
8141 
8142 
8143 
8144 
8145 
8146 
8147 
8148 
8149 
8150 
8151 
8152 
8153 
8154 
8155 
8156 
8157 
8158 
8159 
8160 
8161 
8162 
8163 
8164 
8165 
8166 
8167 
8168 
8169 
8170 
8171 
8172 
8173 
8174 
8175 
8176 
8177 
8178 
8179 
8180 
8181 
8182 
8183 
8184 
8185 
8186 
8187 
8188 
8189 
8190 
8191 
8192 
8193 
8194 
8195 
8196 
8197 
8198 
8199 
8333 
8334 
8335 
8336 
8337 
8338 
8339 
8340 
8341 
8342 
8343 
8344 
8345 
8346 
8347 
8348 
8349 
8350 
8351 
8352 
8353 
8354 
8355 
8356 
8357 
8358 
8359 
8360 
8361 
8362 
8363 
8364 
8365 
8366 
8367 
8368 
8369 
8370 
8371 
8372 
8373 
8374 
8375 
8376 
8377 
8378 
8379 
8380 
8381 
8382 
8383 
8384 
8385 
8386 
8387 
8388 
8389 
8390 
8391 
8392 
8393 
8394 
8395 
8396 
8397 
8398 
8399 
8533 
8534 
8535 
8536 
8537 
8538 
8539 
8540 
8541 
8542 
8543 
8544 
8545 
8546 
8547 
8548 
8549 
8550 
8551 
8552 
8553 
8554 
8555 
8556 
8557 
8558 
8559 
8560 
8561 
8562 
8563 
8564 
8565 
8566 
8567 
8568 
8569 
8570 
8571 
8572 
8573 
8574 
8575 
8576 
8577 
8578 
8579 
8580 
8581 
8582 
8583 
8584 
8585 
8586 
8587 
8588 
8589 
8590 
8591 
8592 
8593 
8594 
8595 
8596 
8597 
8598 
8599 
8733 
8734 
8735 
8736 
8737 
8738 
8739 
8740 
8741 
8742 
8743 
8744 
8745 
8746 
8747 
8748 
8749 
8750 
8751 
8752 
8753 
8754 
8755 
8756 
8757 
8758 
8759 
8760 
8761 
8762 
8763 
8764 
8765 
8766 
8767 
8768 
8769 
8770 
8771 
8772 
8773 
8774 
8775 
8776 
8777 
8778 
8779 
8780 
8781 
8782 
8783 
8784 
8785 
8786 
8787 
8788 
8789 
8790 
8791 
8792 
8793 
8794 
8795 
8796 
8797 
8798 
8799 
8933 
8934 
8935 
8936 
8937 
8938 
8939 
8940 
8941 
8942 
8943 
8944 
8945 
8946 
8947 
8948 
8949 
8950 
8951 
8952 
8953 
8954 
8955 
8956 
8957 
8958 
8959 
8960 
8961 
8962 
8963 
8964 
8965 
8966 
8967 
8968 
8969 
8970 
8971 
8972 
8973 
8974 
8975 
8976 
8977 
8978 
8979 
8980 
8981 
8982 
8983 
8984 
8985 
8986 
8987 
8988 
8989 
8990 
8991 
8992 
8993 
8994 
8995 
8996 
8997 
8998 
8999 
9133 
9134 
9135 
9136 
9137 
9138 
9139 
9140 
9141 
9142 
9143 
9144 
9145 
9146 
9147 
9148 
9149 
9150 
9151 
9152 
9153 
9154 
9155 
9156 
9157 
9158 
9159 
9160 
9161 
9162 
9163 
9164 
9165 
9166 
9167 
9168 
9169 
9170 
9171 
9172 
9173 
9174 
9175 
9176 
9177 
9178 
9179 
9180 
9181 
9182 
9183 
9184 
9185 
9186 
9187 
9188 
9189 
9190 
9191 
9192 
9193 
9194 
9195 
9196 
9197 
9198 
9199 
9333 
9334 
9335 
9336 
9337 
9338 
9339 
9340 
9341 
9342 
9343 
9344 
9345 
9346 
9347 
9348 
9349 
9350 
9351 
9352 
9353 
9354 
9355 
9356 
9357 
9358 
9359 
9360 
9361 
9362 
9363 
9364 
9365 
9366 
9367 
9368 
9369 
9370 
9371 
9372 
9373 
9374 
9375 
9376 
9377 
9378 
9379 
9380 
9381 
9382 
9383 
9384 
9385 
9386 
9387 
9388 
9389 
9390 
9391 
9392 
9393 
9394 
9395 
9396 
9397 
9398 
9399 
9533 
9534 
9535 
9536 
9537 
9538 
9539 
9540 
9541 
9542 
9543 
9544 
9545 
9546 
9547 
9548 
9549 
9550 
9551 
9552 
9553 
9554 
9555 
9556 
9557 
9558 
9559 
9560 
9561 
9562 
9563 
9564 
9565 
9566 
9567 
9568 
9569 
9570 
9571 
9572 
9573 
9574 
9575 
9576 
9577 
9578 
9579 
9580 
9581 
9582 
9583 
9584 
9585 
9586 
9587 
9588 
9589 
9590 
9591 
9592 
9593 
9594 
9595 
9596 
9597 
9598 
9599 
9733 
9734 
9735 
9736 
9737 
9738 
9739 
9740 
9741 
9742 
9743 
9744 
9745 
9746 
9747 
9748 
9749 
9750 
9751 
9752 
9753 
9754 
9755 
9756 
9757 
9758 
9759 
9760 
9761 
9762 
9763 
9764 
9765 
9766 
9767 
9768 
9769 
9770 
9771 
9772 
9773 
9774 
9775 
9776 
9777 
9778 
9779 
9780 
9781 
9782 
9783 
9784 
9785 
9786 
9787 
9788 
9789 
9790 
9791 
9792 
9793 
9794 
9795 
9796 
9797 
9798 
9799 
9933 
9934 
9935 
9936 
9937 
9938 
9939 
9940 
9941 
9942 
9943 
9944 
9945 
9946 
9947 
9948 
9949 
9950 
9951 
9952 
9953 
9954 
9955 
9956 
9957 
9958 
9959 
9960 
9961 
9962 
9963 
9964 
9965 
9966 
9967 
9968 
9969 
9970 
9971 
9972 
9973 
9974 
9975 
9976 
9977 
9978 
9979 
9980 
9981 
9982 
9983 
9984 
9985 
9986 
9987 
9988 
9989 
9990 
9991 
9992 
9993 
9994 
9995 
9996 
9997 
9998 
9999 
10133 
10134 
10135 
10136 
10137 
10138 
10139 
10140 
10141 
10142 
10143 
10144 
10145 
10146 
10147 
10148 
10149 
10150 
10151 
10152 
10153 
10154 
10155 
10156 
10157 
10158 
10159 
10160 
10161 
10162 
10163 
10164 
10165 
10166 
10167 
10168 
10169 
10170 
10171 
10172 
10173 
10174 
10175 
10176 
10177 
10178 
10179 
10180 
10181 
10182 
10183 
10184 
10185 
10186 
10187 
10188 
10189 
10190 
10191 
10192 
10193 
10194 
10195 
10196 
10197 
10198 
10199 
10333 
10334 
10335 
10336 
10337 
10338 
10339 
10340 
10341 
10342 
10343 
10344 
10345 
10346 
10347 
10348 
10349 
10350 
10351 
10352 
10353 
10354 
10355 
10356 
10357 
10358 
10359 
10360 
10361 
10362 
10363 
10364 
10365 
10366 
10367 
10368 
10369 
10370 
10371 
10372 
10373 
10374 
10375 
10376 
10377 
10378 
10379 
10380 
10381 
10382 
10383 
10384 
10385 
10386 
10387 
10388 
10389 
10390 
10391 
10392 
10393 
10394 
10395 
10396 
10397 
10398 
10399 
10533 
10534 
10535 
10536 
10537 
10538 
10539 
10540 
10541 
10542 
10543 
10544 
10545 
10546 
10547 
10548 
10549 
10550 
10551 
10552 
10553 
10554 
10555 
10556 
10557 
10558 
10559 
10560 
10561 
10562 
10563 
10564 
10565 
10566 
10567 
10568 
10569 
10570 
10571 
10572 
10573 
10574 
10575 
10576 
10577 
10578 
10579 
10580 
10581 
10582 
10583 
10584 
10585 
10586 
10587 
10588 
10589 
10590 
10591 
10592 
10593 
10594 
10595 
10596 
10597 
10598 
10599 
10733 
10734 
10735 
10736 
10737 
10738 
10739 
10740 
10741 
10742 
10743 
10744 
10745 
10746 
10747 
10748 
10749 
10750 
10751 
10752 
10753 
10754 
10755 
10756 
10757 
10758 
10759 
10760 
10761 
10762 
10763 
10764 
10765 
10766 
10767 
10768 
10769 
10770 
10771 
10772 
10773 
10774 
10775 
10776 
10777 
10778 
10779 
10780 
10781 
10782 
10783 
10784 
10785 
10786 
10787 
10788 
10789 
10790 
10791 
10792 
10793 
10794 
10795 
10796 
10797 
10798 
10799 
10933 
10934 
10935 
10936 
10937 
10938 
10939 
10940 
10941 
10942 
10943 
10944 
10945 
10946 
10947 
10948 
10949 
10950 
10951 
10952 
10953 
10954 
10955 
10956 
10957 
10958 
10959 
10960 
10961 
10962 
10963 
10964 
10965 
10966 
10967 
10968 
10969 
10970 
10971 
10972 
10973 
10974 
10975 
10976 
10977 
10978 
10979 
10980 
10981 
10982 
10983 
10984 
10985 
10986 
10987 
10988 
10989 
10990 
10991 
10992 
10993 
10994 
10995 
10996 
10997 
10998 
10999 
11133 
11134 
11135 
11136 
11137 
11138 
11139 
11140 
11141 
11142 
11143 
11144 
11145 
11146 
11147 
11148 
11149 
11150 
11151 
11152 
11153 
11154 
11155 
11156 
11157 
11158 
11159 
11160 
11161 
11162 
11163 
11164 
11165 
11166 
11167 
11168 
11169 
11170 
11171 
11172 
11173 
11174 
11175 
11176 
11177 
11178 
11179 
11180 
11181 
11182 
11183 
11184 
11185 
11186 
11187 
11188 
11189 
11190 
11191 
11192 
11193 
11194 
11195 
11196 
11197 
11198 
11199 
11333 
11334 
11335 
11336 
11337 
11338 
11339 
11340 
11341 
11342 
11343 
11344 
11345 
11346 
11347 
11348 
11349 
11350 
11351 
11352 
11353 
11354 
11355 
11356 
11357 
11358 
11359 
11360 
11361 
11362 
11363 
11364 
11365 
11366 
11367 
11368 
11369 
11370 
11371 
11372 
11373 
11374 
11375 
11376 
11377 
11378 
11379 
11380 
11381 
11382 
11383 
11384 
11385 
11386 
11387 
11388 
11389 
11390 
11391 
11392 
11393 
11394 
11395 
11396 
11397 
11398 
11399 
11533 
11534 
11535 
11536 
11537 
11538 
11539 
11540 
11541 
11542 
11543 
11544 
11545 
11546 
11547 
11548 
11549 
11550 
11551 
11552 
11553 
11554 
11555 
11556 
11557 
11558 
11559 
11560 
11561 
11562 
11563 
11564 
11565 
11566 
11567 
11568 
11569 
11570 
11571 
11572 
11573 
11574 
11575 
11576 
11577 
11578 
11579 
11580 
11581 
11582 
11583 
11584 
11585 
11586 
11587 
11588 
11589 
11590 
11591 
11592 
11593 
11594 
11595 
11596 
11597 
11598 
11599 
11733 
11734 
11735 
11736 
11737 
11738 
11739 
11740 
11741 
11742 
11743 
11744 
11745 
11746 
11747 
11748 
11749 
11750 
11751 
11752 
11753 
11754 
11755 
11756 
11757 
11758 
11759 
11760 
11761 
11762 
11763 
11764 
11765 
11766 
11767 
11768 
11769 
11770 
11771 
11772 
11773 
11774 
11775 
11776 
11777 
11778 
11779 
11780 
11781 
11782 
11783 
11784 
11785 
11786 
11787 
11788 
11789 
11790 
11791 
11792 
11793 
11794 
11795 
11796 
11797 
11798 
11799 
11933 
11934 
11935 
11936 
11937 
11938 
11939 
11940 
11941 
11942 
11943 
11944 
11945 
11946 
11947 
11948 
11949 
11950 
11951 
11952 
11953 
11954 
11955 
11956 
11957 
11958 
11959 
11960 
11961 
11962 
11963 
11964 
11965 
11966 
11967 
11968 
11969 
11970 
11971 
11972 
11973 
11974 
11975 
11976 
11977 
11978 
11979 
11980 
11981 
11982 
11983 
11984 
11985 
11986 
11987 
11988 
11989 
11990 
11991 
11992 
11993 
11994 
11995 
11996 
11997 
11998 
11999 
12133 
12134 
12135 
12136 
12137 
12138 
12139 
12140 
12141 
12142 
12143 
12144 
12145 
12146 
12147 
12148 
12149 
12150 
12151 
12152 
12153 
12154 
12155 
12156 
12157 
12158 
12159 
12160 
12161 
12162 
12163 
12164 
12165 
12166 
12167 
12168 
12169 
12170 
12171 
12172 
12173 
12174 
12175 
12176 
12177 
12178 
12179 
12180 
12181 
12182 
12183 
12184 
12185 
12186 
12187 
12188 
12189 
12190 
12191 
12192 
12193 
12194 
12195 
12196 
12197 
12198 
12199 
12333 
12334 
12335 
12336 
12337 
12338 
12339 
12340 
12341 
12342 
12343 
12344 
12345 
12346 
12347 
12348 
12349 
12350 
12351 
12352 
12353 
12354 
12355 
12356 
12357 
12358 
12359 
12360 
12361 
12362 
12363 
12364 
12365 
12366 
12367 
12368 
12369 
12370 
12371 
12372 
12373 
12374 
12375 
12376 
12377 
12378 
12379 
12380 
12381 
12382 
12383 
12384 
12385 
12386 
12387 
12388 
12389 
12390 
12391 
12392 
12393 
12394 
12395 
12396 
12397 
12398 
12399 
12533 
12534 
12535 
12536 
12537 
12538 
12539 
12540 
12541 
12542 
12543 
12544 
12545 
12546 
12547 
12548 
12549 
12550 
12551 
12552 
12553 
12554 
12555 
12556 
12557 
12558 
12559 
12560 
12561 
12562 
12563 
12564 
12565 
12566 
12567 
12568 
12569 
12570 
12571 
12572 
12573 
12574 
12575 
12576 
12577 
12578 
12579 
12580 
12581 
12582 
12583 
12584 
12585 
12586 
12587 
12588 
12589 
12590 
12591 
12592 
12593 
12594 
12595 
12596 
12597 
12598 
12599 
12733 
12734 
12735 
12736 
12737 
12738 
12739 
12740 
12741 
12742 
12743 
12744 
12745 
12746 
12747 
12748 
12749 
12750 
12751 
12752 
12753 
12754 
12755 
12756 
12757 
12758 
12759 
12760 
12761 
12762 
12763 
12764 
12765 
12766 
12767 
12768 
12769 
12770 
12771 
12772 
12773 
12774 
12775 
12776 
12777 
12778 
12779 
12780 
12781 
12782 
12783 
12784 
12785 
12786 
12787 
12788 
12789 
12790 
12791 
12792 
12793 
12794 
12795 
12796 
12797 
12798 
12799 
12933 
12934 
12935 
12936 
12937 
12938 
12939 
12940 
12941 
12942 
12943 
12944 
12945 
12946 
12947 
12948 
12949 
12950 
12951 
12952 
12953 
12954 
12955 
12956 
12957 
12958 
12959 
12960 
12961 
12962 
12963 
12964 
12965 
12966 
12967 
12968 
12969 
12970 
12971 
12972 
12973 
12974 
12975 
12976 
12977 
12978 
12979 
12980 
12981 
12982 
12983 
12984 
12985 
12986 
12987 
12988 
12989 
12990 
12991 
12992 
12993 
12994 
12995 
12996 
12997 
12998 
12999 
13133 
13134 
13135 
13136 
13137 
13138 
13139 
13140 
13141 
13142 
13143 
13144 
13145 
13146 
13147 
13148 
13149 
13150 
13151 
13152 
13153 
13154 
13155 
13156 
13157 
13158 
13159 
13160 
13161 
13162 
13163 
13164 
13165 
13166 
13167 
13168 
13169 
13170 
13171 
13172 
13173 
13174 
13175 
13176 
13177 
13178 
13179 
13180 
13181 
13182 
13183 
13184 
13185 
13186 
13187 
13188 
13189 
13190 
13191 
13192 
13193 
13194 
13195 
13196 
13197 
13198 
13199 
13333 
13334 
13335 
13336 
13337 
13338 
13339 
13340 
13341 
13342 
13343 
13344 
13345 
13346 
13347 
13348 
13349 
13350 
13351 
13352 
13353 
13354 
13355 
13356 
13357 
13358 
13359 
13360 
13361 
13362 
13363 
13364 
13365 
13366 
13367 
13368 
13369 
13370 
13371 
13372 
13373 
13374 
13375 
13376 
13377 
13378 
13379 
13380 
13381 
13382 
13383 
13384 
13385 
13386 
13387 
13388 
13389 
13390 
13391 
13392 
13393 
13394 
13395 
13396 
13397 
13398 
13399 
13533 
13534 
13535 
13536 
13537 
13538 
13539 
13540 
13541 
13542 
13543 
13544 
13545 
13546 
13547 
13548 
13549 
13550 
13551 
13552 
13553 
13554 
13555 
13556 
13557 
13558 
13559 
13560 
13561 
13562 
13563 
13564 
13565 
13566 
13567 
13568 
13569 
13570 
13571 
13572 
13573 
13574 
13575 
13576 
13577 
13578 
13579 
13580 
13581 
13582 
13583 
13584 
13585 
13586 
13587 
13588 
13589 
13590 
13591 
13592 
13593 
13594 
13595 
13596 
13597 
13598 
13599 
13733 
13734 
13735 
13736 
13737 
13738 
13739 
13740 
13741 
13742 
13743 
13744 
13745 
13746 
13747 
13748 
13749 
13750 
13751 
13752 
13753 
13754 
13755 
13756 
13757 
13758 
13759 
13760 
13761 
13762 
13763 
13764 
13765 
13766 
13767 
13768 
13769 
13770 
13771 
13772 
13773 
13774 
13775 
13776 
13777 
13778 
13779 
13780 
13781 
13782 
13783 
13784 
13785 
13786 
13787 
13788 
13789 
13790 
13791 
13792 
13793 
13794 
13795 
13796 
13797 
13798 
13799 
13933 
13934 
13935 
13936 
13937 
13938 
13939 
13940 
13941 
13942 
13943 
13944 
13945 
13946 
13947 
13948 
13949 
13950 
13951 
13952 
13953 
13954 
13955 
13956 
13957 
13958 
13959 
13960 
13961 
13962 
13963 
13964 
13965 
13966 
13967 
13968 
13969 
13970 
13971 
13972 
13973 
13974 
13975 
13976 
13977 
13978 
13979 
13980 
13981 
13982 
13983 
13984 
13985 
13986 
13987 
13988 
13989 
13990 
13991 
13992 
13993 
13994 
13995 
13996 
13997 
13998 
13999 
14133 
14134 
14135 
14136 
14137 
14138 
14139 
14140 
14141 
14142 
14143 
14144 
14145 
14146 
14147 
14148 
14149 
14150 
14151 
14152 
14153 
14154 
14155 
14156 
14157 
14158 
14159 
14160 
14161 
14162 
14163 
14164 
14165 
14166 
14167 
14168 
14169 
14170 
14171 
14172 
14173 
14174 
14175 
14176 
14177 
14178 
14179 
14180 
14181 
14182 
14183 
14184 
14185 
14186 
14187 
14188 
14189 
14190 
14191 
14192 
14193 
14194 
14195 
14196 
14197 
14198 
14199 
14333 
14334 
14335 
14336 
14337 
14338 
14339 
14340 
14341 
14342 
14343 
14344 
14345 
14346 
14347 
14348 
14349 
14350 
14351 
14352 
14353 
14354 
14355 
14356 
14357 
14358 
14359 
14360 
14361 
14362 
14363 
14364 
14365 
14366 
14367 
14368 
14369 
14370 
14371 
14372 
14373 
14374 
14375 
14376 
14377 
14378 
14379 
14380 
14381 
14382 
14383 
14384 
14385 
14386 
14387 
14388 
14389 
14390 
14391 
14392 
14393 
14394 
14395 
14396 
14397 
14398 
14399 
14533 
14534 
14535 
14536 
14537 
14538 
14539 
14540 
14541 
14542 
14543 
14544 
14545 
14546 
14547 
14548 
14549 
14550 
14551 
14552 
14553 
14554 
14555 
14556 
14557 
14558 
14559 
14560 
14561 
14562 
14563 
14564 
14565 
14566 
14567 
14568 
14569 
14570 
14571 
14572 
14573 
14574 
14575 
14576 
14577 
14578 
14579 
14580 
14581 
14582 
14583 
14584 
14585 
14586 
14587 
14588 
14589 
14590 
14591 
14592 
14593 
14594 
14595 
14596 
14597 
14598 
14599 
14733 
14734 
14735 
14736 
14737 
14738 
14739 
14740 
14741 
14742 
14743 
14744 
14745 
14746 
14747 
14748 
14749 
14750 
14751 
14752 
14753 
14754 
14755 
14756 
14757 
14758 
14759 
14760 
14761 
14762 
14763 
14764 
14765 
14766 
14767 
14768 
14769 
14770 
14771 
14772 
14773 
14774 
14775 
14776 
14777 
14778 
14779 
14780 
14781 
14782 
14783 
14784 
14785 
14786 
14787 
14788 
14789 
14790 
14791 
14792 
14793 
14794 
14795 
14796 
14797 
14798 
14799 
14933 
14934 
14935 
14936 
14937 
14938 
14939 
14940 
14941 
14942 
14943 
14944 
14945 
14946 
14947 
14948 
14949 
14950 
14951 
14952 
14953 
14954 
14955 
14956 
14957 
14958 
14959 
14960 
14961 
14962 
14963 
14964 
14965 
14966 
14967 
14968 
14969 
14970 
14971 
14972 
14973 
14974 
14975 
14976 
14977 
14978 
14979 
14980 
14981 
14982 
14983 
14984 
14985 
14986 
14987 
14988 
14989 
14990 
14991 
14992 
14993 
14994 
14995 
14996 
14997 
14998 
14999 
15133 
15134 
15135 
15136 
15137 
15138 
15139 
15140 
15141 
15142 
15143 
15144 
15145 
15146 
15147 
15148 
15149 
15150 
15151 
15152 
15153 
15154 
15155 
15156 
15157 
15158 
15159 
15160 
15161 
15162 
15163 
15164 
15165 
15166 
15167 
15168 
15169 
15170 
15171 
15172 
15173 
15174 
15175 
15176 
15177 
15178 
15179 
15180 
15181 
15182 
15183 
15184 
15185 
15186 
15187 
15188 
15189 
15190 
15191 
15192 
15193 
15194 
15195 
15196 
15197 
15198 
15199 
15333 
15334 
15335 
15336 
15337 
15338 
15339 
15340 
15341 
15342 
15343 
15344 
15345 
15346 
15347 
15348 
15349 
15350 
15351 
15352 
15353 
15354 
15355 
15356 
15357 
15358 
15359 
15360 
15361 
15362 
15363 
15364 
15365 
15366 
15367 
15368 
15369 
15370 
15371 
15372 
15373 
15374 
15375 
15376 
15377 
15378 
15379 
15380 
15381 
15382 
15383 
15384 
15385 
15386 
15387 
15388 
15389 
15390 
15391 
15392 
15393 
15394 
15395 
15396 
15397 
15398 
15399 
15533 
15534 
15535 
15536 
15537 
15538 
15539 
15540 
15541 
15542 
15543 
15544 
15545 
15546 
15547 
15548 
15549 
15550 
15551 
15552 
15553 
15554 
15555 
15556 
15557 
15558 
15559 
15560 
15561 
15562 
15563 
15564 
15565 
15566 
15567 
15568 
15569 
15570 
15571 
15572 
15573 
15574 
15575 
15576 
15577 
15578 
15579 
15580 
15581 
15582 
15583 
15584 
15585 
15586 
15587 
15588 
15589 
15590 
15591 
15592 
15593 
15594 
15595 
15596 
15597 
15598 
15599 
15733 
15734 
15735 
15736 
15737 
15738 
15739 
15740 
15741 
15742 
15743 
15744 
15745 
15746 
15747 
15748 
15749 
15750 
15751 
15752 
15753 
15754 
15755 
15756 
15757 
15758 
15759 
15760 
15761 
15762 
15763 
15764 
15765 
15766 
15767 
15768 
15769 
15770 
15771 
15772 
15773 
15774 
15775 
15776 
15777 
15778 
15779 
15780 
15781 
15782 
15783 
15784 
15785 
15786 
15787 
15788 
15789 
15790 
15791 
15792 
15793 
15794 
15795 
15796 
15797 
15798 
15799 
15933 
15934 
15935 
15936 
15937 
15938 
15939 
15940 
15941 
15942 
15943 
15944 
15945 
15946 
15947 
15948 
15949 
15950 
15951 
15952 
15953 
15954 
15955 
15956 
15957 
15958 
15959 
15960 
15961 
15962 
15963 
15964 
15965 
15966 
15967 
15968 
15969 
15970 
15971 
15972 
15973 
15974 
15975 
15976 
15977 
15978 
15979 
15980 
15981 
15982 
15983 
15984 
15985 
15986 
15987 
15988 
15989 
15990 
15991 
15992 
15993 
15994 
15995 
15996 
15997 
15998 
15999 
16133 
16134 
16135 
16136 
16137 
16138 
16139 
16140 
16141 
16142 
16143 
16144 
16145 
16146 
16147 
16148 
16149 
16150 
16151 
16152 
16153 
16154 
16155 
16156 
16157 
16158 
16159 
16160 
16161 
16162 
16163 
16164 
16165 
16166 
16167 
16168 
16169 
16170 
16171 
16172 
16173 
16174 
16175 
16176 
16177 
16178 
16179 
16180 
16181 
16182 
16183 
16184 
16185 
16186 
16187 
16188 
16189 
16190 
16191 
16192 
16193 
16194 
16195 
16196 
16197 
16198 
16199 
16333 
16334 
16335 
16336 
16337 
16338 
16339 
16340 
16341 
16342 
16343 
16344 
16345 
16346 
16347 
16348 
16349 
16350 
16351 
16352 
16353 
16354 
16355 
16356 
16357 
16358 
16359 
16360 
16361 
16362 
16363 
16364 
16365 
16366 
16367 
16368 
16369 
16370 
16371 
16372 
16373 
16374 
16375 
16376 
16377 
16378 
16379 
16380 
16381 
16382 
16383 
)

// ************************************************************************* //
