/*--------------------------------*- C++ -*----------------------------------*\
  =========                 |
  \\      /  F ield         | OpenFOAM: The Open Source CFD Toolbox
   \\    /   O peration     | Website:  https://openfoam.org
    \\  /    A nd           | Version:  9
     \\/     M anipulation  |
\*---------------------------------------------------------------------------*/
FoamFile
{
    format      ascii;
    class       volScalarField;
    location    "8";
    object      T;
}
// * * * * * * * * * * * * * * * * * * * * * * * * * * * * * * * * * * * * * //

dimensions      [0 0 0 1 0 0 0];

internalField   nonuniform List<scalar> 
10000
(
392.872
392.614
392.35
392.08
391.803
391.52
391.231
390.934
390.631
390.321
390.003
389.677
389.345
389.004
388.655
388.298
387.933
387.558
387.176
386.784
386.383
385.972
385.552
385.122
384.682
384.232
383.77
383.299
382.815
382.321
381.815
381.297
380.767
380.224
379.669
379.1
378.519
377.923
377.313
376.69
376.051
375.397
374.728
374.044
373.343
372.626
371.891
371.14
370.371
369.584
368.778
367.953
367.109
366.245
365.361
364.455
363.529
362.581
361.61
360.617
359.6
358.559
357.494
356.404
355.288
354.146
352.977
351.78
350.555
349.302
348.019
346.706
345.362
343.986
342.578
341.136
339.661
338.151
336.606
335.024
333.405
331.748
330.052
328.316
326.539
324.721
322.859
320.954
319.004
317.008
314.965
312.874
310.734
308.543
306.301
304.006
301.657
299.253
296.793
294.274
392.872
392.614
392.35
392.08
391.803
391.52
391.231
390.934
390.631
390.321
390.003
389.677
389.345
389.004
388.655
388.298
387.933
387.559
387.176
386.784
386.383
385.972
385.552
385.122
384.682
384.232
383.77
383.299
382.815
382.321
381.815
381.297
380.767
380.224
379.669
379.1
378.519
377.923
377.313
376.69
376.051
375.397
374.728
374.044
373.343
372.626
371.891
371.14
370.371
369.584
368.778
367.953
367.109
366.245
365.361
364.455
363.529
362.581
361.61
360.617
359.6
358.559
357.494
356.404
355.288
354.146
352.977
351.78
350.555
349.302
348.019
346.706
345.362
343.986
342.578
341.136
339.661
338.151
336.606
335.024
333.405
331.748
330.052
328.316
326.539
324.721
322.859
320.954
319.004
317.008
314.965
312.874
310.734
308.543
306.301
304.006
301.657
299.253
296.793
294.274
392.872
392.614
392.35
392.08
391.803
391.52
391.231
390.934
390.631
390.321
390.003
389.677
389.345
389.004
388.655
388.298
387.933
387.559
387.176
386.784
386.383
385.972
385.552
385.122
384.682
384.232
383.77
383.299
382.815
382.321
381.815
381.297
380.767
380.224
379.669
379.1
378.519
377.923
377.314
376.69
376.051
375.397
374.728
374.044
373.343
372.626
371.891
371.14
370.371
369.584
368.778
367.953
367.109
366.245
365.361
364.455
363.529
362.581
361.61
360.617
359.6
358.559
357.494
356.404
355.288
354.146
352.977
351.78
350.555
349.302
348.019
346.706
345.362
343.986
342.578
341.136
339.661
338.151
336.606
335.024
333.405
331.748
330.052
328.316
326.539
324.721
322.859
320.954
319.004
317.008
314.965
312.874
310.734
308.543
306.301
304.006
301.657
299.253
296.793
294.274
392.872
392.614
392.35
392.08
391.803
391.521
391.231
390.935
390.631
390.321
390.003
389.678
389.345
389.004
388.655
388.298
387.933
387.559
387.176
386.784
386.383
385.972
385.552
385.122
384.682
384.232
383.771
383.299
382.816
382.321
381.815
381.297
380.767
380.224
379.669
379.1
378.519
377.923
377.314
376.69
376.051
375.397
374.729
374.044
373.343
372.626
371.891
371.14
370.371
369.584
368.778
367.953
367.109
366.245
365.361
364.455
363.529
362.581
361.61
360.617
359.6
358.559
357.494
356.404
355.288
354.146
352.977
351.78
350.555
349.302
348.019
346.706
345.362
343.986
342.578
341.136
339.661
338.151
336.606
335.024
333.405
331.748
330.052
328.316
326.539
324.721
322.859
320.954
319.004
317.008
314.965
312.874
310.734
308.543
306.301
304.006
301.657
299.253
296.793
294.274
392.872
392.614
392.35
392.08
391.803
391.521
391.231
390.935
390.631
390.321
390.003
389.678
389.345
389.004
388.655
388.298
387.933
387.559
387.176
386.784
386.383
385.972
385.552
385.122
384.682
384.232
383.771
383.299
382.816
382.321
381.815
381.297
380.767
380.224
379.669
379.1
378.519
377.923
377.314
376.69
376.051
375.398
374.729
374.044
373.343
372.626
371.892
371.14
370.371
369.584
368.778
367.953
367.109
366.245
365.361
364.455
363.529
362.581
361.61
360.617
359.6
358.559
357.494
356.404
355.288
354.146
352.977
351.78
350.556
349.302
348.019
346.706
345.362
343.986
342.578
341.137
339.661
338.151
336.606
335.024
333.405
331.748
330.052
328.316
326.539
324.721
322.859
320.954
319.004
317.008
314.965
312.874
310.734
308.543
306.301
304.006
301.657
299.253
296.793
294.274
392.872
392.614
392.35
392.08
391.804
391.521
391.231
390.935
390.631
390.321
390.003
389.678
389.345
389.004
388.655
388.298
387.933
387.559
387.176
386.784
386.383
385.973
385.552
385.122
384.682
384.232
383.771
383.299
382.816
382.321
381.815
381.297
380.767
380.224
379.669
379.101
378.519
377.923
377.314
376.69
376.051
375.398
374.729
374.044
373.343
372.626
371.892
371.14
370.371
369.584
368.778
367.953
367.109
366.245
365.361
364.455
363.529
362.581
361.61
360.617
359.6
358.559
357.494
356.404
355.288
354.146
352.977
351.78
350.556
349.302
348.019
346.706
345.362
343.986
342.578
341.137
339.661
338.152
336.606
335.024
333.405
331.748
330.052
328.316
326.539
324.721
322.859
320.954
319.004
317.008
314.965
312.874
310.734
308.543
306.301
304.006
301.657
299.253
296.793
294.274
392.872
392.614
392.35
392.08
391.804
391.521
391.231
390.935
390.631
390.321
390.003
389.678
389.345
389.004
388.655
388.298
387.933
387.559
387.176
386.784
386.383
385.973
385.552
385.122
384.682
384.232
383.771
383.299
382.816
382.321
381.815
381.297
380.767
380.224
379.669
379.101
378.519
377.923
377.314
376.69
376.051
375.398
374.729
374.044
373.343
372.626
371.892
371.14
370.371
369.584
368.778
367.953
367.109
366.245
365.361
364.456
363.529
362.581
361.61
360.617
359.6
358.559
357.494
356.404
355.288
354.146
352.977
351.78
350.556
349.302
348.019
346.706
345.362
343.986
342.578
341.137
339.661
338.152
336.606
335.024
333.405
331.748
330.052
328.316
326.539
324.721
322.859
320.954
319.004
317.008
314.965
312.874
310.734
308.543
306.301
304.006
301.657
299.253
296.793
294.274
392.872
392.614
392.35
392.08
391.804
391.521
391.231
390.935
390.631
390.321
390.003
389.678
389.345
389.004
388.655
388.298
387.933
387.559
387.176
386.784
386.383
385.973
385.553
385.122
384.682
384.232
383.771
383.299
382.816
382.321
381.815
381.297
380.767
380.225
379.669
379.101
378.519
377.923
377.314
376.69
376.051
375.398
374.729
374.044
373.343
372.626
371.892
371.14
370.371
369.584
368.778
367.953
367.109
366.245
365.361
364.456
363.529
362.581
361.61
360.617
359.6
358.559
357.494
356.404
355.288
354.146
352.977
351.78
350.556
349.302
348.019
346.706
345.362
343.986
342.578
341.137
339.661
338.152
336.606
335.024
333.405
331.748
330.052
328.316
326.539
324.721
322.859
320.954
319.004
317.008
314.965
312.874
310.734
308.543
306.301
304.006
301.657
299.253
296.793
294.274
392.872
392.614
392.35
392.08
391.804
391.521
391.231
390.935
390.631
390.321
390.003
389.678
389.345
389.004
388.655
388.298
387.933
387.559
387.176
386.784
386.383
385.973
385.553
385.123
384.682
384.232
383.771
383.299
382.816
382.321
381.815
381.297
380.767
380.225
379.669
379.101
378.519
377.923
377.314
376.69
376.051
375.398
374.729
374.044
373.343
372.626
371.892
371.14
370.371
369.584
368.778
367.953
367.109
366.245
365.361
364.456
363.529
362.581
361.61
360.617
359.6
358.56
357.494
356.404
355.288
354.146
352.977
351.78
350.556
349.302
348.019
346.706
345.362
343.986
342.578
341.137
339.661
338.152
336.606
335.024
333.405
331.748
330.052
328.316
326.539
324.721
322.859
320.954
319.004
317.008
314.965
312.874
310.734
308.543
306.301
304.006
301.657
299.253
296.793
294.274
392.872
392.614
392.35
392.08
391.804
391.521
391.231
390.935
390.632
390.321
390.003
389.678
389.345
389.004
388.655
388.298
387.933
387.559
387.176
386.784
386.383
385.973
385.553
385.123
384.683
384.232
383.771
383.299
382.816
382.322
381.815
381.297
380.767
380.225
379.669
379.101
378.519
377.923
377.314
376.69
376.051
375.398
374.729
374.044
373.343
372.626
371.892
371.14
370.371
369.584
368.778
367.953
367.109
366.245
365.361
364.456
363.529
362.581
361.61
360.617
359.6
358.56
357.494
356.404
355.288
354.146
352.977
351.78
350.556
349.302
348.019
346.706
345.362
343.986
342.578
341.137
339.662
338.152
336.606
335.024
333.405
331.748
330.052
328.316
326.539
324.721
322.859
320.954
319.004
317.008
314.965
312.874
310.734
308.543
306.301
304.006
301.657
299.253
296.793
294.274
392.872
392.614
392.35
392.08
391.804
391.521
391.231
390.935
390.632
390.321
390.003
389.678
389.345
389.004
388.656
388.299
387.933
387.559
387.176
386.784
386.383
385.973
385.553
385.123
384.683
384.232
383.771
383.299
382.816
382.322
381.816
381.298
380.767
380.225
379.669
379.101
378.519
377.924
377.314
376.69
376.052
375.398
374.729
374.044
373.343
372.626
371.892
371.14
370.371
369.584
368.778
367.953
367.109
366.245
365.361
364.456
363.529
362.581
361.611
360.617
359.6
358.56
357.494
356.404
355.288
354.146
352.977
351.781
350.556
349.302
348.019
346.706
345.362
343.986
342.578
341.137
339.662
338.152
336.606
335.025
333.406
331.748
330.052
328.316
326.54
324.721
322.859
320.954
319.004
317.008
314.965
312.874
310.734
308.543
306.301
304.006
301.657
299.253
296.793
294.274
392.872
392.614
392.351
392.08
391.804
391.521
391.232
390.935
390.632
390.321
390.003
389.678
389.345
389.004
388.656
388.299
387.933
387.559
387.176
386.785
386.383
385.973
385.553
385.123
384.683
384.232
383.771
383.299
382.816
382.322
381.816
381.298
380.768
380.225
379.67
379.101
378.519
377.924
377.314
376.69
376.052
375.398
374.729
374.044
373.344
372.626
371.892
371.141
370.371
369.584
368.778
367.954
367.109
366.245
365.361
364.456
363.529
362.581
361.611
360.617
359.6
358.56
357.495
356.404
355.288
354.146
352.977
351.781
350.556
349.302
348.019
346.706
345.362
343.986
342.578
341.137
339.662
338.152
336.606
335.025
333.406
331.748
330.052
328.316
326.54
324.721
322.859
320.954
319.004
317.008
314.965
312.874
310.734
308.543
306.301
304.006
301.657
299.253
296.793
294.274
392.872
392.614
392.351
392.081
391.804
391.521
391.232
390.935
390.632
390.321
390.004
389.678
389.345
389.005
388.656
388.299
387.933
387.559
387.176
386.785
386.384
385.973
385.553
385.123
384.683
384.232
383.771
383.299
382.816
382.322
381.816
381.298
380.768
380.225
379.67
379.101
378.519
377.924
377.314
376.69
376.052
375.398
374.729
374.044
373.344
372.626
371.892
371.141
370.371
369.584
368.778
367.954
367.11
366.245
365.361
364.456
363.53
362.581
361.611
360.617
359.601
358.56
357.495
356.404
355.288
354.146
352.977
351.781
350.556
349.302
348.019
346.706
345.362
343.986
342.578
341.137
339.662
338.152
336.606
335.025
333.406
331.749
330.052
328.316
326.54
324.721
322.859
320.954
319.004
317.008
314.965
312.874
310.734
308.543
306.301
304.006
301.657
299.253
296.793
294.274
392.872
392.615
392.351
392.081
391.804
391.521
391.232
390.935
390.632
390.321
390.004
389.678
389.345
389.005
388.656
388.299
387.933
387.559
387.177
386.785
386.384
385.973
385.553
385.123
384.683
384.232
383.771
383.299
382.816
382.322
381.816
381.298
380.768
380.225
379.67
379.101
378.519
377.924
377.314
376.69
376.052
375.398
374.729
374.045
373.344
372.626
371.892
371.141
370.372
369.584
368.778
367.954
367.11
366.246
365.361
364.456
363.53
362.581
361.611
360.617
359.601
358.56
357.495
356.404
355.289
354.146
352.977
351.781
350.556
349.302
348.019
346.706
345.362
343.986
342.578
341.137
339.662
338.152
336.606
335.025
333.406
331.749
330.052
328.316
326.54
324.721
322.86
320.954
319.004
317.008
314.965
312.874
310.734
308.543
306.301
304.006
301.658
299.253
296.793
294.274
392.872
392.615
392.351
392.081
391.804
391.521
391.232
390.935
390.632
390.322
390.004
389.678
389.345
389.005
388.656
388.299
387.933
387.559
387.177
386.785
386.384
385.973
385.553
385.123
384.683
384.233
383.771
383.299
382.816
382.322
381.816
381.298
380.768
380.225
379.67
379.101
378.519
377.924
377.314
376.691
376.052
375.398
374.729
374.045
373.344
372.626
371.892
371.141
370.372
369.584
368.779
367.954
367.11
366.246
365.361
364.456
363.53
362.581
361.611
360.617
359.601
358.56
357.495
356.405
355.289
354.146
352.977
351.781
350.556
349.303
348.02
346.706
345.362
343.986
342.578
341.137
339.662
338.152
336.607
335.025
333.406
331.749
330.053
328.317
326.54
324.721
322.86
320.954
319.004
317.008
314.965
312.874
310.734
308.543
306.301
304.006
301.658
299.253
296.793
294.274
392.873
392.615
392.351
392.081
391.804
391.522
391.232
390.936
390.632
390.322
390.004
389.679
389.346
389.005
388.656
388.299
387.934
387.56
387.177
386.785
386.384
385.973
385.553
385.123
384.683
384.233
383.772
383.3
382.817
382.322
381.816
381.298
380.768
380.225
379.67
379.101
378.52
377.924
377.314
376.691
376.052
375.398
374.729
374.045
373.344
372.627
371.892
371.141
370.372
369.584
368.779
367.954
367.11
366.246
365.361
364.456
363.53
362.582
361.611
360.618
359.601
358.56
357.495
356.405
355.289
354.147
352.977
351.781
350.556
349.303
348.02
346.706
345.362
343.986
342.578
341.137
339.662
338.152
336.607
335.025
333.406
331.749
330.053
328.317
326.54
324.721
322.86
320.954
319.004
317.008
314.965
312.874
310.734
308.543
306.301
304.006
301.658
299.253
296.793
294.274
392.873
392.615
392.351
392.081
391.805
391.522
391.232
390.936
390.632
390.322
390.004
389.679
389.346
389.005
388.656
388.299
387.934
387.56
387.177
386.785
386.384
385.974
385.553
385.123
384.683
384.233
383.772
383.3
382.817
382.322
381.816
381.298
380.768
380.225
379.67
379.102
378.52
377.924
377.315
376.691
376.052
375.399
374.73
374.045
373.344
372.627
371.892
371.141
370.372
369.585
368.779
367.954
367.11
366.246
365.362
364.456
363.53
362.582
361.611
360.618
359.601
358.56
357.495
356.405
355.289
354.147
352.978
351.781
350.556
349.303
348.02
346.706
345.362
343.987
342.578
341.137
339.662
338.152
336.607
335.025
333.406
331.749
330.053
328.317
326.54
324.721
322.86
320.954
319.004
317.008
314.965
312.874
310.734
308.543
306.301
304.006
301.658
299.253
296.793
294.274
392.873
392.615
392.351
392.081
391.805
391.522
391.232
390.936
390.632
390.322
390.004
389.679
389.346
389.005
388.656
388.299
387.934
387.56
387.177
386.785
386.384
385.974
385.553
385.123
384.683
384.233
383.772
383.3
382.817
382.322
381.816
381.298
380.768
380.225
379.67
379.102
378.52
377.924
377.315
376.691
376.052
375.399
374.73
374.045
373.344
372.627
371.893
371.141
370.372
369.585
368.779
367.954
367.11
366.246
365.362
364.456
363.53
362.582
361.611
360.618
359.601
358.56
357.495
356.405
355.289
354.147
352.978
351.781
350.556
349.303
348.02
346.707
345.362
343.987
342.578
341.137
339.662
338.152
336.607
335.025
333.406
331.749
330.053
328.317
326.54
324.721
322.86
320.954
319.004
317.008
314.965
312.874
310.734
308.544
306.301
304.006
301.658
299.253
296.793
294.274
392.873
392.615
392.351
392.081
391.805
391.522
391.232
390.936
390.632
390.322
390.004
389.679
389.346
389.005
388.656
388.299
387.934
387.56
387.177
386.785
386.384
385.974
385.554
385.124
384.683
384.233
383.772
383.3
382.817
382.322
381.816
381.298
380.768
380.226
379.67
379.102
378.52
377.924
377.315
376.691
376.052
375.399
374.73
374.045
373.344
372.627
371.893
371.141
370.372
369.585
368.779
367.954
367.11
366.246
365.362
364.456
363.53
362.582
361.611
360.618
359.601
358.56
357.495
356.405
355.289
354.147
352.978
351.781
350.556
349.303
348.02
346.707
345.362
343.987
342.579
341.137
339.662
338.152
336.607
335.025
333.406
331.749
330.053
328.317
326.54
324.721
322.86
320.954
319.004
317.008
314.965
312.874
310.734
308.544
306.301
304.006
301.658
299.253
296.793
294.274
392.873
392.615
392.351
392.081
391.805
391.522
391.232
390.936
390.633
390.322
390.004
389.679
389.346
389.005
388.656
388.299
387.934
387.56
387.177
386.785
386.384
385.974
385.554
385.124
384.683
384.233
383.772
383.3
382.817
382.322
381.816
381.298
380.768
380.226
379.67
379.102
378.52
377.924
377.315
376.691
376.052
375.399
374.73
374.045
373.344
372.627
371.893
371.141
370.372
369.585
368.779
367.954
367.11
366.246
365.362
364.457
363.53
362.582
361.611
360.618
359.601
358.56
357.495
356.405
355.289
354.147
352.978
351.781
350.556
349.303
348.02
346.707
345.362
343.987
342.579
341.137
339.662
338.152
336.607
335.025
333.406
331.749
330.053
328.317
326.54
324.721
322.86
320.954
319.004
317.008
314.965
312.874
310.734
308.544
306.301
304.006
301.658
299.253
296.793
294.274
392.873
392.615
392.351
392.081
391.805
391.522
391.232
390.936
390.633
390.322
390.004
389.679
389.346
389.005
388.656
388.299
387.934
387.56
387.177
386.785
386.384
385.974
385.554
385.124
384.683
384.233
383.772
383.3
382.817
382.322
381.816
381.298
380.768
380.226
379.67
379.102
378.52
377.924
377.315
376.691
376.052
375.399
374.73
374.045
373.344
372.627
371.893
371.141
370.372
369.585
368.779
367.954
367.11
366.246
365.362
364.457
363.53
362.582
361.611
360.618
359.601
358.56
357.495
356.405
355.289
354.147
352.978
351.781
350.556
349.303
348.02
346.707
345.363
343.987
342.579
341.137
339.662
338.152
336.607
335.025
333.406
331.749
330.053
328.317
326.54
324.721
322.86
320.955
319.004
317.008
314.965
312.874
310.734
308.544
306.301
304.006
301.658
299.253
296.793
294.274
392.873
392.615
392.351
392.081
391.805
391.522
391.232
390.936
390.633
390.322
390.004
389.679
389.346
389.005
388.656
388.299
387.934
387.56
387.177
386.785
386.384
385.974
385.554
385.124
384.684
384.233
383.772
383.3
382.817
382.322
381.816
381.298
380.768
380.226
379.67
379.102
378.52
377.924
377.315
376.691
376.052
375.399
374.73
374.045
373.344
372.627
371.893
371.141
370.372
369.585
368.779
367.954
367.11
366.246
365.362
364.457
363.53
362.582
361.611
360.618
359.601
358.56
357.495
356.405
355.289
354.147
352.978
351.781
350.557
349.303
348.02
346.707
345.363
343.987
342.579
341.137
339.662
338.152
336.607
335.025
333.406
331.749
330.053
328.317
326.54
324.721
322.86
320.955
319.004
317.008
314.965
312.874
310.734
308.544
306.301
304.006
301.658
299.253
296.793
294.274
392.873
392.615
392.351
392.081
391.805
391.522
391.232
390.936
390.633
390.322
390.004
389.679
389.346
389.005
388.656
388.299
387.934
387.56
387.177
386.785
386.384
385.974
385.554
385.124
384.684
384.233
383.772
383.3
382.817
382.323
381.816
381.299
380.768
380.226
379.67
379.102
378.52
377.924
377.315
376.691
376.052
375.399
374.73
374.045
373.344
372.627
371.893
371.141
370.372
369.585
368.779
367.954
367.11
366.246
365.362
364.457
363.53
362.582
361.611
360.618
359.601
358.56
357.495
356.405
355.289
354.147
352.978
351.781
350.557
349.303
348.02
346.707
345.363
343.987
342.579
341.137
339.662
338.152
336.607
335.025
333.406
331.749
330.053
328.317
326.54
324.721
322.86
320.955
319.004
317.008
314.965
312.874
310.734
308.544
306.301
304.007
301.658
299.253
296.793
294.274
392.873
392.615
392.351
392.081
391.805
391.522
391.232
390.936
390.633
390.322
390.004
389.679
389.346
389.005
388.656
388.299
387.934
387.56
387.177
386.785
386.384
385.974
385.554
385.124
384.684
384.233
383.772
383.3
382.817
382.323
381.816
381.299
380.768
380.226
379.67
379.102
378.52
377.924
377.315
376.691
376.052
375.399
374.73
374.045
373.344
372.627
371.893
371.141
370.372
369.585
368.779
367.954
367.11
366.246
365.362
364.457
363.53
362.582
361.611
360.618
359.601
358.56
357.495
356.405
355.289
354.147
352.978
351.781
350.557
349.303
348.02
346.707
345.363
343.987
342.579
341.137
339.662
338.152
336.607
335.025
333.406
331.749
330.053
328.317
326.54
324.721
322.86
320.955
319.004
317.008
314.965
312.874
310.734
308.544
306.301
304.007
301.658
299.253
296.793
294.274
392.873
392.615
392.351
392.081
391.805
391.522
391.232
390.936
390.633
390.322
390.004
389.679
389.346
389.005
388.657
388.3
387.934
387.56
387.177
386.785
386.384
385.974
385.554
385.124
384.684
384.233
383.772
383.3
382.817
382.323
381.817
381.299
380.768
380.226
379.67
379.102
378.52
377.925
377.315
376.691
376.053
375.399
374.73
374.045
373.344
372.627
371.893
371.141
370.372
369.585
368.779
367.954
367.11
366.246
365.362
364.457
363.53
362.582
361.611
360.618
359.601
358.561
357.495
356.405
355.289
354.147
352.978
351.781
350.557
349.303
348.02
346.707
345.363
343.987
342.579
341.137
339.662
338.152
336.607
335.025
333.406
331.749
330.053
328.317
326.54
324.721
322.86
320.955
319.004
317.008
314.965
312.874
310.734
308.544
306.301
304.007
301.658
299.253
296.793
294.274
392.873
392.615
392.351
392.081
391.805
391.522
391.232
390.936
390.633
390.322
390.004
389.679
389.346
389.005
388.657
388.299
387.934
387.56
387.177
386.785
386.384
385.974
385.554
385.124
384.684
384.233
383.772
383.3
382.817
382.323
381.817
381.299
380.768
380.226
379.67
379.102
378.52
377.925
377.315
376.691
376.053
375.399
374.73
374.045
373.344
372.627
371.893
371.141
370.372
369.585
368.779
367.954
367.11
366.246
365.362
364.457
363.53
362.582
361.611
360.618
359.601
358.56
357.495
356.405
355.289
354.147
352.978
351.781
350.557
349.303
348.02
346.707
345.363
343.987
342.579
341.137
339.662
338.152
336.607
335.025
333.406
331.749
330.053
328.317
326.54
324.721
322.86
320.955
319.004
317.008
314.965
312.874
310.734
308.544
306.301
304.007
301.658
299.253
296.793
294.274
392.873
392.615
392.351
392.081
391.805
391.522
391.232
390.936
390.633
390.322
390.004
389.679
389.346
389.005
388.656
388.299
387.934
387.56
387.177
386.785
386.384
385.974
385.554
385.124
384.684
384.233
383.772
383.3
382.817
382.323
381.817
381.299
380.768
380.226
379.67
379.102
378.52
377.925
377.315
376.691
376.053
375.399
374.73
374.045
373.344
372.627
371.893
371.141
370.372
369.585
368.779
367.954
367.11
366.246
365.362
364.457
363.53
362.582
361.611
360.618
359.601
358.56
357.495
356.405
355.289
354.147
352.978
351.781
350.557
349.303
348.02
346.707
345.363
343.987
342.579
341.137
339.662
338.152
336.607
335.025
333.406
331.749
330.053
328.317
326.54
324.721
322.86
320.955
319.004
317.008
314.965
312.874
310.734
308.544
306.301
304.007
301.658
299.253
296.793
294.274
392.873
392.615
392.351
392.081
391.805
391.522
391.232
390.936
390.633
390.322
390.004
389.679
389.346
389.005
388.657
388.299
387.934
387.56
387.177
386.785
386.384
385.974
385.554
385.124
384.684
384.233
383.772
383.3
382.817
382.323
381.817
381.299
380.768
380.226
379.67
379.102
378.52
377.925
377.315
376.691
376.053
375.399
374.73
374.045
373.344
372.627
371.893
371.141
370.372
369.585
368.779
367.954
367.11
366.246
365.362
364.457
363.53
362.582
361.611
360.618
359.601
358.56
357.495
356.405
355.289
354.147
352.978
351.781
350.557
349.303
348.02
346.707
345.363
343.987
342.579
341.137
339.662
338.152
336.607
335.025
333.406
331.749
330.053
328.317
326.54
324.721
322.86
320.955
319.004
317.008
314.965
312.874
310.734
308.544
306.301
304.006
301.658
299.253
296.793
294.274
392.873
392.615
392.351
392.081
391.805
391.522
391.232
390.936
390.633
390.322
390.004
389.679
389.346
389.005
388.656
388.299
387.934
387.56
387.177
386.785
386.384
385.974
385.554
385.124
384.684
384.233
383.772
383.3
382.817
382.323
381.816
381.299
380.768
380.226
379.67
379.102
378.52
377.924
377.315
376.691
376.052
375.399
374.73
374.045
373.344
372.627
371.893
371.141
370.372
369.585
368.779
367.954
367.11
366.246
365.362
364.457
363.53
362.582
361.611
360.618
359.601
358.56
357.495
356.405
355.289
354.147
352.978
351.781
350.557
349.303
348.02
346.707
345.363
343.987
342.579
341.137
339.662
338.152
336.607
335.025
333.406
331.749
330.053
328.317
326.54
324.721
322.86
320.955
319.004
317.008
314.965
312.874
310.734
308.544
306.301
304.006
301.658
299.253
296.793
294.274
392.873
392.615
392.351
392.081
391.805
391.522
391.232
390.936
390.633
390.322
390.004
389.679
389.346
389.005
388.656
388.299
387.934
387.56
387.177
386.785
386.384
385.974
385.554
385.124
384.684
384.233
383.772
383.3
382.817
382.323
381.816
381.299
380.768
380.226
379.67
379.102
378.52
377.924
377.315
376.691
376.052
375.399
374.73
374.045
373.344
372.627
371.893
371.141
370.372
369.585
368.779
367.954
367.11
366.246
365.362
364.457
363.53
362.582
361.611
360.618
359.601
358.56
357.495
356.405
355.289
354.147
352.978
351.781
350.556
349.303
348.02
346.707
345.363
343.987
342.579
341.137
339.662
338.152
336.607
335.025
333.406
331.749
330.053
328.317
326.54
324.721
322.86
320.955
319.004
317.008
314.965
312.874
310.734
308.544
306.301
304.006
301.658
299.253
296.793
294.274
392.873
392.615
392.351
392.081
391.805
391.522
391.232
390.936
390.633
390.322
390.004
389.679
389.346
389.005
388.656
388.299
387.934
387.56
387.177
386.785
386.384
385.974
385.554
385.124
384.684
384.233
383.772
383.3
382.817
382.322
381.816
381.298
380.768
380.226
379.67
379.102
378.52
377.924
377.315
376.691
376.052
375.399
374.73
374.045
373.344
372.627
371.893
371.141
370.372
369.585
368.779
367.954
367.11
366.246
365.362
364.457
363.53
362.582
361.611
360.618
359.601
358.56
357.495
356.405
355.289
354.147
352.978
351.781
350.556
349.303
348.02
346.707
345.362
343.987
342.579
341.137
339.662
338.152
336.607
335.025
333.406
331.749
330.053
328.317
326.54
324.721
322.86
320.954
319.004
317.008
314.965
312.874
310.734
308.544
306.301
304.006
301.658
299.253
296.793
294.274
392.873
392.615
392.351
392.081
391.805
391.522
391.232
390.936
390.633
390.322
390.004
389.679
389.346
389.005
388.656
388.299
387.934
387.56
387.177
386.785
386.384
385.974
385.554
385.124
384.683
384.233
383.772
383.3
382.817
382.322
381.816
381.298
380.768
380.226
379.67
379.102
378.52
377.924
377.315
376.691
376.052
375.399
374.73
374.045
373.344
372.627
371.893
371.141
370.372
369.585
368.779
367.954
367.11
366.246
365.362
364.457
363.53
362.582
361.611
360.618
359.601
358.56
357.495
356.405
355.289
354.147
352.978
351.781
350.556
349.303
348.02
346.707
345.362
343.987
342.579
341.137
339.662
338.152
336.607
335.025
333.406
331.749
330.053
328.317
326.54
324.721
322.86
320.954
319.004
317.008
314.965
312.874
310.734
308.544
306.301
304.006
301.658
299.253
296.793
294.274
392.873
392.615
392.351
392.081
391.805
391.522
391.232
390.936
390.632
390.322
390.004
389.679
389.346
389.005
388.656
388.299
387.934
387.56
387.177
386.785
386.384
385.974
385.554
385.124
384.683
384.233
383.772
383.3
382.817
382.322
381.816
381.298
380.768
380.226
379.67
379.102
378.52
377.924
377.315
376.691
376.052
375.399
374.73
374.045
373.344
372.627
371.893
371.141
370.372
369.585
368.779
367.954
367.11
366.246
365.362
364.457
363.53
362.582
361.611
360.618
359.601
358.56
357.495
356.405
355.289
354.147
352.978
351.781
350.556
349.303
348.02
346.707
345.362
343.987
342.579
341.137
339.662
338.152
336.607
335.025
333.406
331.749
330.053
328.317
326.54
324.721
322.86
320.954
319.004
317.008
314.965
312.874
310.734
308.544
306.301
304.006
301.658
299.253
296.793
294.274
392.873
392.615
392.351
392.081
391.805
391.522
391.232
390.936
390.632
390.322
390.004
389.679
389.346
389.005
388.656
388.299
387.934
387.56
387.177
386.785
386.384
385.974
385.554
385.124
384.683
384.233
383.772
383.3
382.817
382.322
381.816
381.298
380.768
380.226
379.67
379.102
378.52
377.924
377.315
376.691
376.052
375.399
374.73
374.045
373.344
372.627
371.893
371.141
370.372
369.585
368.779
367.954
367.11
366.246
365.362
364.457
363.53
362.582
361.611
360.618
359.601
358.56
357.495
356.405
355.289
354.147
352.978
351.781
350.556
349.303
348.02
346.707
345.362
343.987
342.578
341.137
339.662
338.152
336.607
335.025
333.406
331.749
330.053
328.317
326.54
324.721
322.86
320.954
319.004
317.008
314.965
312.874
310.734
308.543
306.301
304.006
301.658
299.253
296.793
294.274
392.873
392.615
392.351
392.081
391.805
391.522
391.232
390.936
390.632
390.322
390.004
389.679
389.346
389.005
388.656
388.299
387.934
387.56
387.177
386.785
386.384
385.974
385.554
385.123
384.683
384.233
383.772
383.3
382.817
382.322
381.816
381.298
380.768
380.226
379.67
379.102
378.52
377.924
377.315
376.691
376.052
375.399
374.73
374.045
373.344
372.627
371.893
371.141
370.372
369.585
368.779
367.954
367.11
366.246
365.362
364.456
363.53
362.582
361.611
360.618
359.601
358.56
357.495
356.405
355.289
354.147
352.978
351.781
350.556
349.303
348.02
346.706
345.362
343.987
342.578
341.137
339.662
338.152
336.607
335.025
333.406
331.749
330.053
328.317
326.54
324.721
322.86
320.954
319.004
317.008
314.965
312.874
310.734
308.543
306.301
304.006
301.658
299.253
296.793
294.274
392.873
392.615
392.351
392.081
391.805
391.522
391.232
390.936
390.632
390.322
390.004
389.679
389.346
389.005
388.656
388.299
387.934
387.56
387.177
386.785
386.384
385.974
385.553
385.123
384.683
384.233
383.772
383.3
382.817
382.322
381.816
381.298
380.768
380.225
379.67
379.102
378.52
377.924
377.315
376.691
376.052
375.399
374.73
374.045
373.344
372.627
371.893
371.141
370.372
369.585
368.779
367.954
367.11
366.246
365.362
364.456
363.53
362.582
361.611
360.618
359.601
358.56
357.495
356.405
355.289
354.147
352.978
351.781
350.556
349.303
348.02
346.706
345.362
343.987
342.578
341.137
339.662
338.152
336.607
335.025
333.406
331.749
330.053
328.317
326.54
324.721
322.86
320.954
319.004
317.008
314.965
312.874
310.734
308.543
306.301
304.006
301.658
299.253
296.793
294.274
392.873
392.615
392.351
392.081
391.805
391.522
391.232
390.936
390.632
390.322
390.004
389.679
389.346
389.005
388.656
388.299
387.934
387.56
387.177
386.785
386.384
385.974
385.553
385.123
384.683
384.233
383.772
383.3
382.817
382.322
381.816
381.298
380.768
380.225
379.67
379.102
378.52
377.924
377.315
376.691
376.052
375.399
374.73
374.045
373.344
372.627
371.893
371.141
370.372
369.585
368.779
367.954
367.11
366.246
365.362
364.456
363.53
362.582
361.611
360.618
359.601
358.56
357.495
356.405
355.289
354.147
352.977
351.781
350.556
349.303
348.02
346.706
345.362
343.986
342.578
341.137
339.662
338.152
336.607
335.025
333.406
331.749
330.053
328.317
326.54
324.721
322.86
320.954
319.004
317.008
314.965
312.874
310.734
308.543
306.301
304.006
301.658
299.253
296.793
294.274
392.873
392.615
392.351
392.081
391.805
391.522
391.232
390.936
390.632
390.322
390.004
389.679
389.346
389.005
388.656
388.299
387.934
387.56
387.177
386.785
386.384
385.974
385.553
385.123
384.683
384.233
383.772
383.3
382.817
382.322
381.816
381.298
380.768
380.225
379.67
379.102
378.52
377.924
377.315
376.691
376.052
375.399
374.73
374.045
373.344
372.627
371.892
371.141
370.372
369.585
368.779
367.954
367.11
366.246
365.362
364.456
363.53
362.582
361.611
360.618
359.601
358.56
357.495
356.405
355.289
354.147
352.977
351.781
350.556
349.303
348.02
346.706
345.362
343.986
342.578
341.137
339.662
338.152
336.607
335.025
333.406
331.749
330.053
328.317
326.54
324.721
322.86
320.954
319.004
317.008
314.965
312.874
310.734
308.543
306.301
304.006
301.658
299.253
296.793
294.274
392.873
392.615
392.351
392.081
391.805
391.522
391.232
390.936
390.632
390.322
390.004
389.679
389.346
389.005
388.656
388.299
387.934
387.56
387.177
386.785
386.384
385.974
385.553
385.123
384.683
384.233
383.772
383.3
382.817
382.322
381.816
381.298
380.768
380.225
379.67
379.102
378.52
377.924
377.315
376.691
376.052
375.399
374.73
374.045
373.344
372.627
371.892
371.141
370.372
369.585
368.779
367.954
367.11
366.246
365.361
364.456
363.53
362.582
361.611
360.618
359.601
358.56
357.495
356.405
355.289
354.147
352.977
351.781
350.556
349.303
348.02
346.706
345.362
343.986
342.578
341.137
339.662
338.152
336.606
335.025
333.406
331.749
330.053
328.317
326.54
324.721
322.86
320.954
319.004
317.008
314.965
312.874
310.734
308.543
306.301
304.006
301.658
299.253
296.793
294.274
392.873
392.615
392.351
392.081
391.805
391.522
391.232
390.936
390.632
390.322
390.004
389.679
389.346
389.005
388.656
388.299
387.934
387.56
387.177
386.785
386.384
385.974
385.553
385.123
384.683
384.233
383.772
383.3
382.817
382.322
381.816
381.298
380.768
380.225
379.67
379.101
378.52
377.924
377.315
376.691
376.052
375.399
374.73
374.045
373.344
372.627
371.892
371.141
370.372
369.585
368.779
367.954
367.11
366.246
365.361
364.456
363.53
362.582
361.611
360.618
359.601
358.56
357.495
356.405
355.289
354.146
352.977
351.781
350.556
349.303
348.02
346.706
345.362
343.986
342.578
341.137
339.662
338.152
336.606
335.025
333.406
331.749
330.052
328.316
326.54
324.721
322.86
320.954
319.004
317.008
314.965
312.874
310.734
308.543
306.301
304.006
301.658
299.253
296.793
294.274
392.873
392.615
392.351
392.081
391.805
391.522
391.232
390.936
390.632
390.322
390.004
389.679
389.346
389.005
388.656
388.299
387.934
387.56
387.177
386.785
386.384
385.973
385.553
385.123
384.683
384.233
383.772
383.3
382.817
382.322
381.816
381.298
380.768
380.225
379.67
379.101
378.52
377.924
377.315
376.691
376.052
375.398
374.73
374.045
373.344
372.627
371.892
371.141
370.372
369.585
368.779
367.954
367.11
366.246
365.361
364.456
363.53
362.582
361.611
360.618
359.601
358.56
357.495
356.405
355.289
354.146
352.977
351.781
350.556
349.303
348.02
346.706
345.362
343.986
342.578
341.137
339.662
338.152
336.606
335.025
333.406
331.749
330.052
328.316
326.54
324.721
322.86
320.954
319.004
317.008
314.965
312.874
310.734
308.543
306.301
304.006
301.658
299.253
296.793
294.274
392.873
392.615
392.351
392.081
391.804
391.522
391.232
390.936
390.632
390.322
390.004
389.679
389.346
389.005
388.656
388.299
387.934
387.56
387.177
386.785
386.384
385.973
385.553
385.123
384.683
384.233
383.772
383.3
382.817
382.322
381.816
381.298
380.768
380.225
379.67
379.101
378.52
377.924
377.315
376.691
376.052
375.398
374.73
374.045
373.344
372.627
371.892
371.141
370.372
369.585
368.779
367.954
367.11
366.246
365.361
364.456
363.53
362.582
361.611
360.618
359.601
358.56
357.495
356.405
355.289
354.146
352.977
351.781
350.556
349.303
348.02
346.706
345.362
343.986
342.578
341.137
339.662
338.152
336.606
335.025
333.406
331.749
330.052
328.316
326.54
324.721
322.86
320.954
319.004
317.008
314.965
312.874
310.734
308.543
306.301
304.006
301.658
299.253
296.793
294.274
392.873
392.615
392.351
392.081
391.804
391.522
391.232
390.936
390.632
390.322
390.004
389.679
389.346
389.005
388.656
388.299
387.934
387.56
387.177
386.785
386.384
385.973
385.553
385.123
384.683
384.233
383.772
383.3
382.817
382.322
381.816
381.298
380.768
380.225
379.67
379.101
378.52
377.924
377.315
376.691
376.052
375.398
374.729
374.045
373.344
372.627
371.892
371.141
370.372
369.585
368.779
367.954
367.11
366.246
365.361
364.456
363.53
362.582
361.611
360.618
359.601
358.56
357.495
356.405
355.289
354.146
352.977
351.781
350.556
349.303
348.02
346.706
345.362
343.986
342.578
341.137
339.662
338.152
336.606
335.025
333.406
331.749
330.052
328.316
326.54
324.721
322.86
320.954
319.004
317.008
314.965
312.874
310.734
308.543
306.301
304.006
301.657
299.253
296.793
294.274
392.873
392.615
392.351
392.081
391.804
391.522
391.232
390.936
390.632
390.322
390.004
389.679
389.346
389.005
388.656
388.299
387.934
387.56
387.177
386.785
386.384
385.973
385.553
385.123
384.683
384.233
383.772
383.3
382.817
382.322
381.816
381.298
380.768
380.225
379.67
379.101
378.52
377.924
377.315
376.691
376.052
375.398
374.729
374.045
373.344
372.627
371.892
371.141
370.372
369.585
368.779
367.954
367.11
366.246
365.361
364.456
363.53
362.582
361.611
360.618
359.601
358.56
357.495
356.405
355.289
354.146
352.977
351.781
350.556
349.303
348.02
346.706
345.362
343.986
342.578
341.137
339.662
338.152
336.607
335.025
333.406
331.749
330.053
328.317
326.54
324.721
322.86
320.954
319.004
317.008
314.965
312.874
310.734
308.543
306.301
304.006
301.657
299.253
296.793
294.274
392.873
392.615
392.351
392.081
391.804
391.522
391.232
390.936
390.632
390.322
390.004
389.679
389.346
389.005
388.656
388.299
387.934
387.56
387.177
386.785
386.384
385.973
385.553
385.123
384.683
384.233
383.772
383.3
382.817
382.322
381.816
381.298
380.768
380.225
379.67
379.101
378.52
377.924
377.315
376.691
376.052
375.398
374.729
374.045
373.344
372.627
371.892
371.141
370.372
369.585
368.779
367.954
367.11
366.246
365.361
364.456
363.53
362.582
361.611
360.618
359.601
358.56
357.495
356.405
355.289
354.147
352.977
351.781
350.556
349.303
348.02
346.706
345.362
343.986
342.578
341.137
339.662
338.152
336.607
335.025
333.406
331.749
330.053
328.317
326.54
324.721
322.86
320.954
319.004
317.008
314.965
312.874
310.734
308.543
306.301
304.006
301.658
299.253
296.793
294.274
392.873
392.615
392.351
392.081
391.804
391.522
391.232
390.936
390.632
390.322
390.004
389.679
389.346
389.005
388.656
388.299
387.934
387.56
387.177
386.785
386.384
385.973
385.553
385.123
384.683
384.233
383.772
383.3
382.817
382.322
381.816
381.298
380.768
380.225
379.67
379.101
378.52
377.924
377.315
376.691
376.052
375.398
374.729
374.045
373.344
372.627
371.892
371.141
370.372
369.585
368.779
367.954
367.11
366.246
365.361
364.456
363.53
362.582
361.611
360.618
359.601
358.56
357.495
356.405
355.289
354.147
352.977
351.781
350.556
349.303
348.02
346.706
345.362
343.986
342.578
341.137
339.662
338.152
336.607
335.025
333.406
331.749
330.053
328.317
326.54
324.721
322.86
320.954
319.004
317.008
314.965
312.874
310.734
308.543
306.301
304.006
301.658
299.253
296.793
294.274
392.873
392.615
392.351
392.081
391.804
391.522
391.232
390.936
390.632
390.322
390.004
389.679
389.346
389.005
388.656
388.299
387.934
387.56
387.177
386.785
386.384
385.973
385.553
385.123
384.683
384.233
383.772
383.3
382.816
382.322
381.816
381.298
380.768
380.225
379.67
379.101
378.52
377.924
377.315
376.691
376.052
375.398
374.729
374.045
373.344
372.627
371.892
371.141
370.372
369.585
368.779
367.954
367.11
366.246
365.361
364.456
363.53
362.582
361.611
360.618
359.601
358.56
357.495
356.405
355.289
354.147
352.978
351.781
350.556
349.303
348.02
346.706
345.362
343.987
342.578
341.137
339.662
338.152
336.607
335.025
333.406
331.749
330.053
328.317
326.54
324.721
322.86
320.954
319.004
317.008
314.965
312.874
310.734
308.543
306.301
304.006
301.658
299.253
296.793
294.274
392.873
392.615
392.351
392.081
391.804
391.522
391.232
390.936
390.632
390.322
390.004
389.679
389.346
389.005
388.656
388.299
387.934
387.56
387.177
386.785
386.384
385.973
385.553
385.123
384.683
384.233
383.772
383.3
382.816
382.322
381.816
381.298
380.768
380.225
379.67
379.101
378.52
377.924
377.315
376.691
376.052
375.398
374.729
374.045
373.344
372.627
371.892
371.141
370.372
369.585
368.779
367.954
367.11
366.246
365.362
364.456
363.53
362.582
361.611
360.618
359.601
358.56
357.495
356.405
355.289
354.147
352.978
351.781
350.556
349.303
348.02
346.706
345.362
343.987
342.578
341.137
339.662
338.152
336.607
335.025
333.406
331.749
330.053
328.317
326.54
324.721
322.86
320.954
319.004
317.008
314.965
312.874
310.734
308.543
306.301
304.006
301.658
299.253
296.793
294.274
392.873
392.615
392.351
392.081
391.804
391.522
391.232
390.936
390.632
390.322
390.004
389.679
389.346
389.005
388.656
388.299
387.934
387.56
387.177
386.785
386.384
385.973
385.553
385.123
384.683
384.233
383.772
383.3
382.817
382.322
381.816
381.298
380.768
380.225
379.67
379.101
378.52
377.924
377.315
376.691
376.052
375.398
374.729
374.045
373.344
372.627
371.892
371.141
370.372
369.585
368.779
367.954
367.11
366.246
365.362
364.456
363.53
362.582
361.611
360.618
359.601
358.56
357.495
356.405
355.289
354.147
352.978
351.781
350.556
349.303
348.02
346.706
345.362
343.987
342.578
341.137
339.662
338.152
336.607
335.025
333.406
331.749
330.053
328.317
326.54
324.721
322.86
320.954
319.004
317.008
314.965
312.874
310.734
308.543
306.301
304.006
301.658
299.253
296.793
294.274
392.873
392.615
392.351
392.081
391.804
391.522
391.232
390.936
390.632
390.322
390.004
389.679
389.346
389.005
388.656
388.299
387.934
387.56
387.177
386.785
386.384
385.973
385.553
385.123
384.683
384.233
383.772
383.3
382.817
382.322
381.816
381.298
380.768
380.225
379.67
379.101
378.52
377.924
377.315
376.691
376.052
375.398
374.73
374.045
373.344
372.627
371.892
371.141
370.372
369.585
368.779
367.954
367.11
366.246
365.362
364.456
363.53
362.582
361.611
360.618
359.601
358.56
357.495
356.405
355.289
354.147
352.978
351.781
350.556
349.303
348.02
346.707
345.362
343.987
342.579
341.137
339.662
338.152
336.607
335.025
333.406
331.749
330.053
328.317
326.54
324.721
322.86
320.954
319.004
317.008
314.965
312.874
310.734
308.543
306.301
304.006
301.658
299.253
296.793
294.274
392.873
392.615
392.351
392.081
391.804
391.522
391.232
390.936
390.632
390.322
390.004
389.679
389.346
389.005
388.656
388.299
387.934
387.56
387.177
386.785
386.384
385.973
385.553
385.123
384.683
384.233
383.772
383.3
382.817
382.322
381.816
381.298
380.768
380.225
379.67
379.101
378.52
377.924
377.315
376.691
376.052
375.398
374.73
374.045
373.344
372.627
371.892
371.141
370.372
369.585
368.779
367.954
367.11
366.246
365.362
364.456
363.53
362.582
361.611
360.618
359.601
358.56
357.495
356.405
355.289
354.147
352.978
351.781
350.556
349.303
348.02
346.707
345.362
343.987
342.579
341.137
339.662
338.152
336.607
335.025
333.406
331.749
330.053
328.317
326.54
324.721
322.86
320.954
319.004
317.008
314.965
312.874
310.734
308.543
306.301
304.006
301.658
299.253
296.793
294.274
392.873
392.615
392.351
392.081
391.804
391.522
391.232
390.936
390.632
390.322
390.004
389.679
389.346
389.005
388.656
388.299
387.934
387.56
387.177
386.785
386.384
385.973
385.553
385.123
384.683
384.233
383.772
383.3
382.817
382.322
381.816
381.298
380.768
380.225
379.67
379.101
378.52
377.924
377.315
376.691
376.052
375.399
374.73
374.045
373.344
372.627
371.892
371.141
370.372
369.585
368.779
367.954
367.11
366.246
365.362
364.456
363.53
362.582
361.611
360.618
359.601
358.56
357.495
356.405
355.289
354.147
352.978
351.781
350.556
349.303
348.02
346.707
345.362
343.987
342.579
341.137
339.662
338.152
336.607
335.025
333.406
331.749
330.053
328.317
326.54
324.721
322.86
320.954
319.004
317.008
314.965
312.874
310.734
308.543
306.301
304.006
301.658
299.253
296.793
294.274
392.873
392.615
392.351
392.081
391.804
391.522
391.232
390.936
390.632
390.322
390.004
389.679
389.346
389.005
388.656
388.299
387.934
387.56
387.177
386.785
386.384
385.973
385.553
385.123
384.683
384.233
383.772
383.3
382.817
382.322
381.816
381.298
380.768
380.225
379.67
379.101
378.52
377.924
377.315
376.691
376.052
375.399
374.73
374.045
373.344
372.627
371.892
371.141
370.372
369.585
368.779
367.954
367.11
366.246
365.362
364.456
363.53
362.582
361.611
360.618
359.601
358.56
357.495
356.405
355.289
354.147
352.978
351.781
350.556
349.303
348.02
346.707
345.362
343.987
342.579
341.137
339.662
338.152
336.607
335.025
333.406
331.749
330.053
328.317
326.54
324.721
322.86
320.954
319.004
317.008
314.965
312.874
310.734
308.543
306.301
304.006
301.658
299.253
296.793
294.274
392.873
392.615
392.351
392.081
391.804
391.522
391.232
390.936
390.632
390.322
390.004
389.679
389.346
389.005
388.656
388.299
387.934
387.56
387.177
386.785
386.384
385.973
385.553
385.123
384.683
384.233
383.772
383.3
382.817
382.322
381.816
381.298
380.768
380.225
379.67
379.101
378.52
377.924
377.315
376.691
376.052
375.399
374.73
374.045
373.344
372.627
371.893
371.141
370.372
369.585
368.779
367.954
367.11
366.246
365.362
364.456
363.53
362.582
361.611
360.618
359.601
358.56
357.495
356.405
355.289
354.147
352.978
351.781
350.556
349.303
348.02
346.707
345.362
343.987
342.579
341.137
339.662
338.152
336.607
335.025
333.406
331.749
330.053
328.317
326.54
324.721
322.86
320.954
319.004
317.008
314.965
312.874
310.734
308.544
306.301
304.006
301.658
299.253
296.793
294.274
392.873
392.615
392.351
392.081
391.804
391.521
391.232
390.936
390.632
390.322
390.004
389.679
389.346
389.005
388.656
388.299
387.934
387.56
387.177
386.785
386.384
385.973
385.553
385.123
384.683
384.233
383.772
383.3
382.817
382.322
381.816
381.298
380.768
380.225
379.67
379.101
378.52
377.924
377.315
376.691
376.052
375.399
374.73
374.045
373.344
372.627
371.893
371.141
370.372
369.585
368.779
367.954
367.11
366.246
365.362
364.456
363.53
362.582
361.611
360.618
359.601
358.56
357.495
356.405
355.289
354.147
352.978
351.781
350.556
349.303
348.02
346.707
345.363
343.987
342.579
341.137
339.662
338.152
336.607
335.025
333.406
331.749
330.053
328.317
326.54
324.721
322.86
320.954
319.004
317.008
314.965
312.874
310.734
308.544
306.301
304.006
301.658
299.253
296.793
294.274
392.873
392.615
392.351
392.081
391.804
391.521
391.232
390.936
390.632
390.322
390.004
389.679
389.346
389.005
388.656
388.299
387.934
387.56
387.177
386.785
386.384
385.973
385.553
385.123
384.683
384.233
383.772
383.3
382.817
382.322
381.816
381.298
380.768
380.225
379.67
379.101
378.52
377.924
377.315
376.691
376.052
375.399
374.73
374.045
373.344
372.627
371.893
371.141
370.372
369.585
368.779
367.954
367.11
366.246
365.362
364.456
363.53
362.582
361.611
360.618
359.601
358.56
357.495
356.405
355.289
354.147
352.978
351.781
350.556
349.303
348.02
346.707
345.363
343.987
342.579
341.137
339.662
338.152
336.607
335.025
333.406
331.749
330.053
328.317
326.54
324.721
322.86
320.954
319.004
317.008
314.965
312.874
310.734
308.544
306.301
304.006
301.658
299.253
296.793
294.274
392.873
392.615
392.351
392.081
391.804
391.521
391.232
390.935
390.632
390.322
390.004
389.678
389.346
389.005
388.656
388.299
387.934
387.56
387.177
386.785
386.384
385.973
385.553
385.123
384.683
384.233
383.772
383.3
382.817
382.322
381.816
381.298
380.768
380.225
379.67
379.101
378.52
377.924
377.315
376.691
376.052
375.399
374.73
374.045
373.344
372.627
371.893
371.141
370.372
369.585
368.779
367.954
367.11
366.246
365.362
364.456
363.53
362.582
361.611
360.618
359.601
358.56
357.495
356.405
355.289
354.147
352.978
351.781
350.556
349.303
348.02
346.707
345.362
343.987
342.579
341.137
339.662
338.152
336.607
335.025
333.406
331.749
330.053
328.317
326.54
324.721
322.86
320.954
319.004
317.008
314.965
312.874
310.734
308.544
306.301
304.006
301.658
299.253
296.793
294.274
392.873
392.615
392.351
392.081
391.804
391.521
391.232
390.935
390.632
390.322
390.004
389.678
389.346
389.005
388.656
388.299
387.934
387.56
387.177
386.785
386.384
385.973
385.553
385.123
384.683
384.233
383.771
383.3
382.816
382.322
381.816
381.298
380.768
380.225
379.67
379.101
378.52
377.924
377.315
376.691
376.052
375.399
374.73
374.045
373.344
372.627
371.892
371.141
370.372
369.585
368.779
367.954
367.11
366.246
365.362
364.456
363.53
362.582
361.611
360.618
359.601
358.56
357.495
356.405
355.289
354.147
352.978
351.781
350.556
349.303
348.02
346.707
345.362
343.987
342.579
341.137
339.662
338.152
336.607
335.025
333.406
331.749
330.053
328.317
326.54
324.721
322.86
320.955
319.004
317.008
314.965
312.874
310.734
308.544
306.301
304.007
301.658
299.253
296.793
294.274
392.873
392.615
392.351
392.081
391.804
391.521
391.232
390.935
390.632
390.322
390.004
389.678
389.346
389.005
388.656
388.299
387.934
387.559
387.177
386.785
386.384
385.973
385.553
385.123
384.683
384.233
383.771
383.3
382.816
382.322
381.816
381.298
380.768
380.225
379.67
379.101
378.52
377.924
377.315
376.691
376.052
375.398
374.73
374.045
373.344
372.627
371.892
371.141
370.372
369.585
368.779
367.954
367.11
366.246
365.362
364.456
363.53
362.582
361.611
360.618
359.601
358.56
357.495
356.405
355.289
354.147
352.978
351.781
350.556
349.303
348.02
346.707
345.362
343.987
342.579
341.137
339.662
338.152
336.607
335.025
333.406
331.749
330.053
328.317
326.54
324.721
322.86
320.955
319.004
317.008
314.965
312.874
310.734
308.544
306.301
304.007
301.658
299.253
296.793
294.274
392.873
392.615
392.351
392.081
391.804
391.521
391.232
390.935
390.632
390.322
390.004
389.678
389.346
389.005
388.656
388.299
387.934
387.559
387.177
386.785
386.384
385.973
385.553
385.123
384.683
384.233
383.771
383.3
382.816
382.322
381.816
381.298
380.768
380.225
379.67
379.101
378.52
377.924
377.315
376.691
376.052
375.398
374.729
374.045
373.344
372.627
371.892
371.141
370.372
369.585
368.779
367.954
367.11
366.246
365.362
364.456
363.53
362.582
361.611
360.618
359.601
358.56
357.495
356.405
355.289
354.147
352.978
351.781
350.556
349.303
348.02
346.707
345.362
343.987
342.579
341.137
339.662
338.152
336.607
335.025
333.406
331.749
330.053
328.317
326.54
324.721
322.86
320.955
319.004
317.008
314.965
312.874
310.734
308.544
306.301
304.007
301.658
299.253
296.793
294.274
392.872
392.615
392.351
392.081
391.804
391.521
391.232
390.935
390.632
390.322
390.004
389.678
389.345
389.005
388.656
388.299
387.933
387.559
387.177
386.785
386.384
385.973
385.553
385.123
384.683
384.233
383.771
383.299
382.816
382.322
381.816
381.298
380.768
380.225
379.67
379.101
378.52
377.924
377.314
376.691
376.052
375.398
374.729
374.045
373.344
372.627
371.892
371.141
370.372
369.585
368.779
367.954
367.11
366.246
365.362
364.456
363.53
362.582
361.611
360.618
359.601
358.56
357.495
356.405
355.289
354.147
352.978
351.781
350.556
349.303
348.02
346.707
345.362
343.987
342.578
341.137
339.662
338.152
336.607
335.025
333.406
331.749
330.053
328.317
326.54
324.721
322.86
320.955
319.004
317.008
314.965
312.874
310.734
308.544
306.301
304.007
301.658
299.253
296.793
294.274
392.872
392.615
392.351
392.081
391.804
391.521
391.232
390.935
390.632
390.322
390.004
389.678
389.345
389.005
388.656
388.299
387.933
387.559
387.177
386.785
386.384
385.973
385.553
385.123
384.683
384.233
383.771
383.299
382.816
382.322
381.816
381.298
380.768
380.225
379.67
379.101
378.52
377.924
377.314
376.691
376.052
375.398
374.729
374.045
373.344
372.627
371.892
371.141
370.372
369.585
368.779
367.954
367.11
366.246
365.362
364.456
363.53
362.582
361.611
360.618
359.601
358.56
357.495
356.405
355.289
354.147
352.978
351.781
350.556
349.303
348.02
346.706
345.362
343.987
342.578
341.137
339.662
338.152
336.607
335.025
333.406
331.749
330.053
328.317
326.54
324.721
322.86
320.955
319.004
317.008
314.965
312.874
310.734
308.544
306.301
304.007
301.658
299.253
296.793
294.274
392.872
392.615
392.351
392.081
391.804
391.521
391.232
390.935
390.632
390.322
390.004
389.678
389.345
389.005
388.656
388.299
387.933
387.559
387.177
386.785
386.384
385.973
385.553
385.123
384.683
384.232
383.771
383.299
382.816
382.322
381.816
381.298
380.768
380.225
379.67
379.101
378.519
377.924
377.314
376.691
376.052
375.398
374.729
374.045
373.344
372.627
371.892
371.141
370.372
369.584
368.779
367.954
367.11
366.246
365.361
364.456
363.53
362.582
361.611
360.618
359.601
358.56
357.495
356.405
355.289
354.147
352.978
351.781
350.556
349.303
348.02
346.706
345.362
343.987
342.578
341.137
339.662
338.152
336.607
335.025
333.406
331.749
330.053
328.317
326.54
324.721
322.86
320.954
319.004
317.008
314.965
312.874
310.734
308.544
306.301
304.007
301.658
299.253
296.793
294.274
392.872
392.615
392.351
392.081
391.804
391.521
391.232
390.935
390.632
390.321
390.004
389.678
389.345
389.005
388.656
388.299
387.933
387.559
387.177
386.785
386.384
385.973
385.553
385.123
384.683
384.232
383.771
383.299
382.816
382.322
381.816
381.298
380.768
380.225
379.67
379.101
378.519
377.924
377.314
376.691
376.052
375.398
374.729
374.045
373.344
372.627
371.892
371.141
370.372
369.584
368.779
367.954
367.11
366.246
365.361
364.456
363.53
362.582
361.611
360.618
359.601
358.56
357.495
356.405
355.289
354.147
352.977
351.781
350.556
349.303
348.02
346.706
345.362
343.987
342.578
341.137
339.662
338.152
336.607
335.025
333.406
331.749
330.053
328.317
326.54
324.721
322.86
320.954
319.004
317.008
314.965
312.874
310.734
308.544
306.301
304.007
301.658
299.253
296.793
294.274
392.872
392.615
392.351
392.081
391.804
391.521
391.232
390.935
390.632
390.321
390.004
389.678
389.345
389.005
388.656
388.299
387.933
387.559
387.177
386.785
386.384
385.973
385.553
385.123
384.683
384.232
383.771
383.299
382.816
382.322
381.816
381.298
380.768
380.225
379.67
379.101
378.519
377.924
377.314
376.69
376.052
375.398
374.729
374.045
373.344
372.626
371.892
371.141
370.372
369.584
368.779
367.954
367.11
366.246
365.361
364.456
363.53
362.582
361.611
360.618
359.601
358.56
357.495
356.405
355.289
354.147
352.977
351.781
350.556
349.303
348.02
346.706
345.362
343.987
342.578
341.137
339.662
338.152
336.607
335.025
333.406
331.749
330.053
328.317
326.54
324.721
322.86
320.954
319.004
317.008
314.965
312.874
310.734
308.544
306.301
304.007
301.658
299.253
296.793
294.274
392.872
392.615
392.351
392.081
391.804
391.521
391.232
390.935
390.632
390.321
390.004
389.678
389.345
389.005
388.656
388.299
387.933
387.559
387.177
386.785
386.384
385.973
385.553
385.123
384.683
384.232
383.771
383.299
382.816
382.322
381.816
381.298
380.768
380.225
379.67
379.101
378.519
377.924
377.314
376.69
376.052
375.398
374.729
374.045
373.344
372.626
371.892
371.141
370.372
369.584
368.779
367.954
367.11
366.246
365.361
364.456
363.53
362.581
361.611
360.618
359.601
358.56
357.495
356.405
355.289
354.146
352.977
351.781
350.556
349.303
348.02
346.706
345.362
343.986
342.578
341.137
339.662
338.152
336.607
335.025
333.406
331.749
330.053
328.317
326.54
324.721
322.86
320.954
319.004
317.008
314.965
312.874
310.734
308.544
306.301
304.007
301.658
299.253
296.793
294.274
392.872
392.615
392.351
392.081
391.804
391.521
391.232
390.935
390.632
390.321
390.004
389.678
389.345
389.005
388.656
388.299
387.933
387.559
387.177
386.785
386.384
385.973
385.553
385.123
384.683
384.232
383.771
383.299
382.816
382.322
381.816
381.298
380.768
380.225
379.67
379.101
378.519
377.924
377.314
376.69
376.052
375.398
374.729
374.045
373.344
372.626
371.892
371.141
370.372
369.584
368.779
367.954
367.11
366.246
365.361
364.456
363.53
362.581
361.611
360.617
359.601
358.56
357.495
356.405
355.289
354.146
352.977
351.781
350.556
349.303
348.02
346.706
345.362
343.986
342.578
341.137
339.662
338.152
336.607
335.025
333.406
331.749
330.053
328.317
326.54
324.721
322.86
320.954
319.004
317.008
314.965
312.874
310.734
308.544
306.301
304.006
301.658
299.253
296.793
294.274
392.872
392.615
392.351
392.081
391.804
391.521
391.232
390.935
390.632
390.321
390.004
389.678
389.345
389.005
388.656
388.299
387.933
387.559
387.177
386.785
386.384
385.973
385.553
385.123
384.683
384.232
383.771
383.299
382.816
382.322
381.816
381.298
380.768
380.225
379.67
379.101
378.519
377.924
377.314
376.69
376.052
375.398
374.729
374.045
373.344
372.626
371.892
371.141
370.372
369.584
368.779
367.954
367.11
366.246
365.361
364.456
363.53
362.581
361.611
360.617
359.601
358.56
357.495
356.404
355.289
354.146
352.977
351.781
350.556
349.303
348.02
346.706
345.362
343.986
342.578
341.137
339.662
338.152
336.607
335.025
333.406
331.749
330.053
328.317
326.54
324.721
322.86
320.954
319.004
317.008
314.965
312.874
310.734
308.544
306.301
304.006
301.658
299.253
296.793
294.274
392.872
392.615
392.351
392.081
391.804
391.521
391.232
390.935
390.632
390.321
390.004
389.678
389.345
389.005
388.656
388.299
387.933
387.559
387.176
386.785
386.384
385.973
385.553
385.123
384.683
384.232
383.771
383.299
382.816
382.322
381.816
381.298
380.768
380.225
379.67
379.101
378.519
377.924
377.314
376.69
376.052
375.398
374.729
374.045
373.344
372.626
371.892
371.141
370.372
369.584
368.778
367.954
367.11
366.246
365.361
364.456
363.53
362.581
361.611
360.617
359.601
358.56
357.495
356.404
355.289
354.146
352.977
351.781
350.556
349.303
348.019
346.706
345.362
343.986
342.578
341.137
339.662
338.152
336.607
335.025
333.406
331.749
330.053
328.317
326.54
324.721
322.86
320.954
319.004
317.008
314.965
312.874
310.734
308.543
306.301
304.006
301.658
299.253
296.793
294.274
392.872
392.615
392.351
392.081
391.804
391.521
391.232
390.935
390.632
390.321
390.004
389.678
389.345
389.005
388.656
388.299
387.933
387.559
387.176
386.785
386.384
385.973
385.553
385.123
384.683
384.232
383.771
383.299
382.816
382.322
381.816
381.298
380.768
380.225
379.67
379.101
378.519
377.924
377.314
376.69
376.052
375.398
374.729
374.044
373.344
372.626
371.892
371.141
370.371
369.584
368.778
367.954
367.11
366.246
365.361
364.456
363.53
362.581
361.611
360.617
359.601
358.56
357.495
356.404
355.289
354.146
352.977
351.781
350.556
349.303
348.019
346.706
345.362
343.986
342.578
341.137
339.662
338.152
336.607
335.025
333.406
331.749
330.053
328.317
326.54
324.721
322.86
320.954
319.004
317.008
314.965
312.874
310.734
308.543
306.301
304.006
301.658
299.253
296.793
294.274
392.872
392.614
392.351
392.081
391.804
391.521
391.232
390.935
390.632
390.321
390.004
389.678
389.345
389.004
388.656
388.299
387.933
387.559
387.176
386.785
386.384
385.973
385.553
385.123
384.683
384.232
383.771
383.299
382.816
382.322
381.816
381.298
380.768
380.225
379.67
379.101
378.519
377.924
377.314
376.69
376.052
375.398
374.729
374.044
373.344
372.626
371.892
371.141
370.371
369.584
368.778
367.954
367.11
366.246
365.361
364.456
363.53
362.581
361.611
360.617
359.601
358.56
357.495
356.404
355.288
354.146
352.977
351.781
350.556
349.302
348.019
346.706
345.362
343.986
342.578
341.137
339.662
338.152
336.607
335.025
333.406
331.749
330.053
328.317
326.54
324.721
322.86
320.954
319.004
317.008
314.965
312.874
310.734
308.543
306.301
304.006
301.658
299.253
296.793
294.274
392.872
392.614
392.351
392.081
391.804
391.521
391.232
390.935
390.632
390.321
390.004
389.678
389.345
389.004
388.656
388.299
387.933
387.559
387.176
386.785
386.384
385.973
385.553
385.123
384.683
384.232
383.771
383.299
382.816
382.322
381.816
381.298
380.768
380.225
379.67
379.101
378.519
377.924
377.314
376.69
376.052
375.398
374.729
374.044
373.344
372.626
371.892
371.141
370.371
369.584
368.778
367.954
367.11
366.245
365.361
364.456
363.53
362.581
361.611
360.617
359.601
358.56
357.495
356.404
355.288
354.146
352.977
351.781
350.556
349.302
348.019
346.706
345.362
343.986
342.578
341.137
339.662
338.152
336.607
335.025
333.406
331.749
330.053
328.317
326.54
324.721
322.86
320.954
319.004
317.008
314.965
312.874
310.734
308.543
306.301
304.006
301.657
299.253
296.793
294.274
392.872
392.614
392.351
392.081
391.804
391.521
391.232
390.935
390.632
390.321
390.004
389.678
389.345
389.004
388.656
388.299
387.933
387.559
387.176
386.785
386.384
385.973
385.553
385.123
384.683
384.232
383.771
383.299
382.816
382.322
381.816
381.298
380.768
380.225
379.67
379.101
378.519
377.924
377.314
376.69
376.052
375.398
374.729
374.044
373.344
372.626
371.892
371.141
370.371
369.584
368.778
367.954
367.109
366.245
365.361
364.456
363.53
362.581
361.611
360.617
359.601
358.56
357.495
356.404
355.288
354.146
352.977
351.781
350.556
349.302
348.019
346.706
345.362
343.986
342.578
341.137
339.662
338.152
336.607
335.025
333.406
331.749
330.053
328.317
326.54
324.721
322.86
320.954
319.004
317.008
314.965
312.874
310.734
308.543
306.301
304.006
301.657
299.253
296.793
294.274
392.872
392.614
392.351
392.081
391.804
391.521
391.232
390.935
390.632
390.321
390.004
389.678
389.345
389.004
388.656
388.299
387.933
387.559
387.176
386.785
386.384
385.973
385.553
385.123
384.683
384.232
383.771
383.299
382.816
382.322
381.816
381.298
380.768
380.225
379.67
379.101
378.519
377.924
377.314
376.69
376.052
375.398
374.729
374.044
373.344
372.626
371.892
371.141
370.371
369.584
368.778
367.954
367.11
366.245
365.361
364.456
363.53
362.581
361.611
360.617
359.601
358.56
357.495
356.404
355.288
354.146
352.977
351.781
350.556
349.302
348.019
346.706
345.362
343.986
342.578
341.137
339.662
338.152
336.607
335.025
333.406
331.749
330.053
328.317
326.54
324.721
322.86
320.954
319.004
317.008
314.965
312.874
310.734
308.543
306.301
304.006
301.657
299.253
296.793
294.274
392.872
392.614
392.351
392.081
391.804
391.521
391.232
390.935
390.632
390.321
390.004
389.678
389.345
389.004
388.656
388.299
387.933
387.559
387.176
386.785
386.384
385.973
385.553
385.123
384.683
384.232
383.771
383.299
382.816
382.322
381.816
381.298
380.768
380.225
379.67
379.101
378.519
377.924
377.314
376.69
376.052
375.398
374.729
374.044
373.344
372.626
371.892
371.141
370.371
369.584
368.778
367.954
367.109
366.245
365.361
364.456
363.53
362.581
361.611
360.617
359.601
358.56
357.495
356.404
355.288
354.146
352.977
351.781
350.556
349.302
348.019
346.706
345.362
343.986
342.578
341.137
339.662
338.152
336.607
335.025
333.406
331.749
330.053
328.317
326.54
324.721
322.86
320.954
319.004
317.008
314.965
312.874
310.734
308.543
306.301
304.006
301.657
299.253
296.793
294.274
392.872
392.614
392.351
392.081
391.804
391.521
391.232
390.935
390.632
390.321
390.004
389.678
389.345
389.004
388.656
388.299
387.933
387.559
387.176
386.785
386.384
385.973
385.553
385.123
384.683
384.232
383.771
383.299
382.816
382.322
381.816
381.298
380.768
380.225
379.67
379.101
378.519
377.924
377.314
376.69
376.052
375.398
374.729
374.044
373.344
372.626
371.892
371.141
370.371
369.584
368.778
367.954
367.11
366.245
365.361
364.456
363.53
362.581
361.611
360.617
359.601
358.56
357.495
356.404
355.288
354.146
352.977
351.781
350.556
349.302
348.019
346.706
345.362
343.986
342.578
341.137
339.662
338.152
336.607
335.025
333.406
331.749
330.053
328.317
326.54
324.721
322.86
320.954
319.004
317.008
314.965
312.874
310.734
308.543
306.301
304.006
301.657
299.253
296.793
294.274
392.872
392.614
392.351
392.081
391.804
391.521
391.232
390.935
390.632
390.321
390.004
389.678
389.345
389.005
388.656
388.299
387.933
387.559
387.176
386.785
386.384
385.973
385.553
385.123
384.683
384.232
383.771
383.299
382.816
382.322
381.816
381.298
380.768
380.225
379.67
379.101
378.519
377.924
377.314
376.69
376.052
375.398
374.729
374.044
373.344
372.626
371.892
371.141
370.371
369.584
368.778
367.954
367.11
366.246
365.361
364.456
363.53
362.581
361.611
360.617
359.601
358.56
357.495
356.404
355.288
354.146
352.977
351.781
350.556
349.302
348.019
346.706
345.362
343.986
342.578
341.137
339.662
338.152
336.607
335.025
333.406
331.749
330.053
328.317
326.54
324.721
322.86
320.954
319.004
317.008
314.965
312.874
310.734
308.543
306.301
304.006
301.657
299.253
296.793
294.274
392.872
392.614
392.351
392.081
391.804
391.521
391.232
390.935
390.632
390.321
390.004
389.678
389.345
389.004
388.656
388.299
387.933
387.559
387.176
386.785
386.384
385.973
385.553
385.123
384.683
384.232
383.771
383.299
382.816
382.322
381.816
381.298
380.768
380.225
379.67
379.101
378.519
377.924
377.314
376.69
376.052
375.398
374.729
374.044
373.344
372.626
371.892
371.141
370.371
369.584
368.778
367.954
367.11
366.246
365.361
364.456
363.53
362.581
361.611
360.617
359.601
358.56
357.495
356.404
355.288
354.146
352.977
351.781
350.556
349.302
348.019
346.706
345.362
343.986
342.578
341.137
339.662
338.152
336.607
335.025
333.406
331.749
330.053
328.317
326.54
324.721
322.86
320.954
319.004
317.008
314.965
312.874
310.734
308.543
306.301
304.006
301.657
299.253
296.793
294.274
392.872
392.615
392.351
392.081
391.804
391.521
391.232
390.935
390.632
390.321
390.004
389.678
389.345
389.005
388.656
388.299
387.933
387.559
387.176
386.785
386.384
385.973
385.553
385.123
384.683
384.232
383.771
383.299
382.816
382.322
381.816
381.298
380.768
380.225
379.67
379.101
378.519
377.924
377.314
376.69
376.052
375.398
374.729
374.044
373.344
372.626
371.892
371.141
370.372
369.584
368.778
367.954
367.11
366.246
365.361
364.456
363.53
362.581
361.611
360.617
359.601
358.56
357.495
356.404
355.289
354.146
352.977
351.781
350.556
349.302
348.019
346.706
345.362
343.986
342.578
341.137
339.662
338.152
336.607
335.025
333.406
331.749
330.053
328.317
326.54
324.721
322.86
320.954
319.004
317.008
314.965
312.874
310.734
308.543
306.301
304.006
301.658
299.253
296.793
294.274
392.872
392.615
392.351
392.081
391.804
391.521
391.232
390.935
390.632
390.321
390.004
389.678
389.345
389.005
388.656
388.299
387.933
387.559
387.177
386.785
386.384
385.973
385.553
385.123
384.683
384.232
383.771
383.299
382.816
382.322
381.816
381.298
380.768
380.225
379.67
379.101
378.519
377.924
377.314
376.69
376.052
375.398
374.729
374.045
373.344
372.626
371.892
371.141
370.372
369.584
368.779
367.954
367.11
366.246
365.361
364.456
363.53
362.581
361.611
360.617
359.601
358.56
357.495
356.404
355.289
354.146
352.977
351.781
350.556
349.303
348.019
346.706
345.362
343.986
342.578
341.137
339.662
338.152
336.607
335.025
333.406
331.749
330.053
328.317
326.54
324.721
322.86
320.954
319.004
317.008
314.965
312.874
310.734
308.543
306.301
304.006
301.658
299.253
296.793
294.274
392.872
392.615
392.351
392.081
391.804
391.521
391.232
390.935
390.632
390.321
390.004
389.678
389.345
389.005
388.656
388.299
387.933
387.559
387.177
386.785
386.384
385.973
385.553
385.123
384.683
384.232
383.771
383.299
382.816
382.322
381.816
381.298
380.768
380.225
379.67
379.101
378.519
377.924
377.314
376.69
376.052
375.398
374.729
374.045
373.344
372.626
371.892
371.141
370.372
369.584
368.779
367.954
367.11
366.246
365.361
364.456
363.53
362.581
361.611
360.617
359.601
358.56
357.495
356.405
355.289
354.146
352.977
351.781
350.556
349.303
348.02
346.706
345.362
343.986
342.578
341.137
339.662
338.152
336.607
335.025
333.406
331.749
330.053
328.317
326.54
324.721
322.86
320.954
319.004
317.008
314.965
312.874
310.734
308.543
306.301
304.006
301.658
299.253
296.793
294.274
392.872
392.615
392.351
392.081
391.804
391.521
391.232
390.935
390.632
390.322
390.004
389.678
389.345
389.005
388.656
388.299
387.933
387.559
387.177
386.785
386.384
385.973
385.553
385.123
384.683
384.232
383.771
383.299
382.816
382.322
381.816
381.298
380.768
380.225
379.67
379.101
378.519
377.924
377.314
376.69
376.052
375.398
374.729
374.045
373.344
372.626
371.892
371.141
370.372
369.584
368.779
367.954
367.11
366.246
365.361
364.456
363.53
362.581
361.611
360.618
359.601
358.56
357.495
356.405
355.289
354.146
352.977
351.781
350.556
349.303
348.02
346.706
345.362
343.986
342.578
341.137
339.662
338.152
336.607
335.025
333.406
331.749
330.053
328.317
326.54
324.721
322.86
320.954
319.004
317.008
314.965
312.874
310.734
308.543
306.301
304.006
301.658
299.253
296.793
294.274
392.873
392.615
392.351
392.081
391.804
391.521
391.232
390.935
390.632
390.322
390.004
389.678
389.346
389.005
388.656
388.299
387.933
387.559
387.177
386.785
386.384
385.973
385.553
385.123
384.683
384.233
383.771
383.299
382.816
382.322
381.816
381.298
380.768
380.225
379.67
379.101
378.519
377.924
377.314
376.69
376.052
375.398
374.729
374.045
373.344
372.626
371.892
371.141
370.372
369.584
368.779
367.954
367.11
366.246
365.361
364.456
363.53
362.582
361.611
360.618
359.601
358.56
357.495
356.405
355.289
354.147
352.977
351.781
350.556
349.303
348.02
346.706
345.362
343.987
342.578
341.137
339.662
338.152
336.607
335.025
333.406
331.749
330.053
328.317
326.54
324.721
322.86
320.954
319.004
317.008
314.965
312.874
310.734
308.544
306.301
304.006
301.658
299.253
296.793
294.274
392.873
392.615
392.351
392.081
391.804
391.522
391.232
390.936
390.632
390.322
390.004
389.679
389.346
389.005
388.656
388.299
387.934
387.56
387.177
386.785
386.384
385.973
385.553
385.123
384.683
384.233
383.771
383.3
382.816
382.322
381.816
381.298
380.768
380.225
379.67
379.101
378.52
377.924
377.314
376.691
376.052
375.398
374.729
374.045
373.344
372.627
371.892
371.141
370.372
369.584
368.779
367.954
367.11
366.246
365.361
364.456
363.53
362.582
361.611
360.618
359.601
358.56
357.495
356.405
355.289
354.147
352.978
351.781
350.556
349.303
348.02
346.706
345.362
343.987
342.578
341.137
339.662
338.152
336.607
335.025
333.406
331.749
330.053
328.317
326.54
324.721
322.86
320.954
319.004
317.008
314.965
312.874
310.734
308.544
306.301
304.006
301.658
299.253
296.793
294.274
392.873
392.615
392.351
392.081
391.804
391.522
391.232
390.936
390.632
390.322
390.004
389.679
389.346
389.005
388.656
388.299
387.934
387.56
387.177
386.785
386.384
385.973
385.553
385.123
384.683
384.233
383.772
383.3
382.817
382.322
381.816
381.298
380.768
380.225
379.67
379.101
378.52
377.924
377.315
376.691
376.052
375.398
374.729
374.045
373.344
372.627
371.892
371.141
370.372
369.585
368.779
367.954
367.11
366.246
365.362
364.456
363.53
362.582
361.611
360.618
359.601
358.56
357.495
356.405
355.289
354.147
352.978
351.781
350.556
349.303
348.02
346.706
345.362
343.987
342.578
341.137
339.662
338.152
336.607
335.025
333.406
331.749
330.053
328.317
326.54
324.721
322.86
320.954
319.004
317.008
314.965
312.874
310.734
308.544
306.301
304.006
301.658
299.253
296.793
294.274
392.873
392.615
392.351
392.081
391.805
391.522
391.232
390.936
390.632
390.322
390.004
389.679
389.346
389.005
388.656
388.299
387.934
387.56
387.177
386.785
386.384
385.974
385.553
385.123
384.683
384.233
383.772
383.3
382.817
382.322
381.816
381.298
380.768
380.225
379.67
379.102
378.52
377.924
377.315
376.691
376.052
375.399
374.73
374.045
373.344
372.627
371.892
371.141
370.372
369.585
368.779
367.954
367.11
366.246
365.362
364.456
363.53
362.582
361.611
360.618
359.601
358.56
357.495
356.405
355.289
354.147
352.978
351.781
350.556
349.303
348.02
346.707
345.362
343.987
342.579
341.137
339.662
338.152
336.607
335.025
333.406
331.749
330.053
328.317
326.54
324.721
322.86
320.954
319.004
317.008
314.965
312.874
310.734
308.544
306.301
304.006
301.658
299.253
296.793
294.274
392.873
392.615
392.351
392.081
391.805
391.522
391.232
390.936
390.632
390.322
390.004
389.679
389.346
389.005
388.656
388.299
387.934
387.56
387.177
386.785
386.384
385.974
385.553
385.123
384.683
384.233
383.772
383.3
382.817
382.322
381.816
381.298
380.768
380.225
379.67
379.102
378.52
377.924
377.315
376.691
376.052
375.399
374.73
374.045
373.344
372.627
371.893
371.141
370.372
369.585
368.779
367.954
367.11
366.246
365.362
364.456
363.53
362.582
361.611
360.618
359.601
358.56
357.495
356.405
355.289
354.147
352.978
351.781
350.556
349.303
348.02
346.707
345.362
343.987
342.579
341.137
339.662
338.152
336.607
335.025
333.406
331.749
330.053
328.317
326.54
324.721
322.86
320.954
319.004
317.008
314.965
312.874
310.734
308.544
306.301
304.007
301.658
299.253
296.793
294.274
392.873
392.615
392.351
392.081
391.805
391.522
391.232
390.936
390.632
390.322
390.004
389.679
389.346
389.005
388.656
388.299
387.934
387.56
387.177
386.785
386.384
385.974
385.554
385.124
384.683
384.233
383.772
383.3
382.817
382.322
381.816
381.298
380.768
380.226
379.67
379.102
378.52
377.924
377.315
376.691
376.052
375.399
374.73
374.045
373.344
372.627
371.893
371.141
370.372
369.585
368.779
367.954
367.11
366.246
365.362
364.457
363.53
362.582
361.611
360.618
359.601
358.56
357.495
356.405
355.289
354.147
352.978
351.781
350.556
349.303
348.02
346.707
345.363
343.987
342.579
341.137
339.662
338.152
336.607
335.025
333.406
331.749
330.053
328.317
326.54
324.721
322.86
320.955
319.004
317.008
314.965
312.874
310.734
308.544
306.301
304.007
301.658
299.253
296.793
294.274
392.873
392.615
392.351
392.081
391.805
391.522
391.232
390.936
390.633
390.322
390.004
389.679
389.346
389.005
388.656
388.299
387.934
387.56
387.177
386.785
386.384
385.974
385.554
385.124
384.683
384.233
383.772
383.3
382.817
382.322
381.816
381.298
380.768
380.226
379.67
379.102
378.52
377.924
377.315
376.691
376.052
375.399
374.73
374.045
373.344
372.627
371.893
371.141
370.372
369.585
368.779
367.954
367.11
366.246
365.362
364.457
363.53
362.582
361.611
360.618
359.601
358.56
357.495
356.405
355.289
354.147
352.978
351.781
350.557
349.303
348.02
346.707
345.363
343.987
342.579
341.137
339.662
338.152
336.607
335.025
333.406
331.749
330.053
328.317
326.54
324.721
322.86
320.955
319.004
317.008
314.965
312.874
310.734
308.544
306.301
304.007
301.658
299.253
296.793
294.274
392.873
392.615
392.351
392.081
391.805
391.522
391.232
390.936
390.633
390.322
390.004
389.679
389.346
389.005
388.656
388.299
387.934
387.56
387.177
386.785
386.384
385.974
385.554
385.124
384.684
384.233
383.772
383.3
382.817
382.323
381.816
381.299
380.768
380.226
379.67
379.102
378.52
377.925
377.315
376.691
376.052
375.399
374.73
374.045
373.344
372.627
371.893
371.141
370.372
369.585
368.779
367.954
367.11
366.246
365.362
364.457
363.53
362.582
361.611
360.618
359.601
358.56
357.495
356.405
355.289
354.147
352.978
351.781
350.557
349.303
348.02
346.707
345.363
343.987
342.579
341.137
339.662
338.152
336.607
335.025
333.406
331.749
330.053
328.317
326.54
324.721
322.86
320.955
319.004
317.008
314.965
312.874
310.734
308.544
306.301
304.007
301.658
299.253
296.793
294.274
392.873
392.615
392.351
392.081
391.805
391.522
391.232
390.936
390.633
390.322
390.004
389.679
389.346
389.005
388.657
388.3
387.934
387.56
387.177
386.785
386.384
385.974
385.554
385.124
384.684
384.233
383.772
383.3
382.817
382.323
381.817
381.299
380.768
380.226
379.67
379.102
378.52
377.925
377.315
376.691
376.053
375.399
374.73
374.045
373.344
372.627
371.893
371.141
370.372
369.585
368.779
367.954
367.11
366.246
365.362
364.457
363.53
362.582
361.611
360.618
359.601
358.561
357.495
356.405
355.289
354.147
352.978
351.781
350.557
349.303
348.02
346.707
345.363
343.987
342.579
341.138
339.662
338.152
336.607
335.025
333.406
331.749
330.053
328.317
326.54
324.721
322.86
320.955
319.005
317.008
314.966
312.874
310.734
308.544
306.301
304.007
301.658
299.253
296.793
294.274
392.873
392.615
392.352
392.081
391.805
391.522
391.233
390.936
390.633
390.322
390.004
389.679
389.346
389.005
388.657
388.3
387.934
387.56
387.177
386.786
386.385
385.974
385.554
385.124
384.684
384.233
383.772
383.3
382.817
382.323
381.817
381.299
380.769
380.226
379.671
379.102
378.52
377.925
377.315
376.691
376.053
375.399
374.73
374.045
373.345
372.627
371.893
371.142
370.372
369.585
368.779
367.955
367.11
366.246
365.362
364.457
363.53
362.582
361.612
360.618
359.601
358.561
357.495
356.405
355.289
354.147
352.978
351.781
350.557
349.303
348.02
346.707
345.363
343.987
342.579
341.138
339.662
338.152
336.607
335.025
333.406
331.749
330.053
328.317
326.54
324.721
322.86
320.955
319.005
317.009
314.966
312.874
310.734
308.544
306.301
304.007
301.658
299.253
296.793
294.274
392.873
392.615
392.352
392.082
391.805
391.522
391.233
390.936
390.633
390.322
390.005
389.679
389.346
389.006
388.657
388.3
387.934
387.56
387.177
386.786
386.385
385.974
385.554
385.124
384.684
384.233
383.772
383.3
382.817
382.323
381.817
381.299
380.769
380.226
379.671
379.102
378.52
377.925
377.315
376.691
376.053
375.399
374.73
374.045
373.345
372.627
371.893
371.142
370.372
369.585
368.779
367.955
367.11
366.246
365.362
364.457
363.53
362.582
361.612
360.618
359.601
358.561
357.496
356.405
355.289
354.147
352.978
351.782
350.557
349.303
348.02
346.707
345.363
343.987
342.579
341.138
339.662
338.153
336.607
335.025
333.406
331.749
330.053
328.317
326.54
324.721
322.86
320.955
319.005
317.009
314.966
312.875
310.734
308.544
306.301
304.007
301.658
299.253
296.793
294.274
392.873
392.616
392.352
392.082
391.805
391.522
391.233
390.936
390.633
390.322
390.005
389.679
389.346
389.006
388.657
388.3
387.934
387.56
387.178
386.786
386.385
385.974
385.554
385.124
384.684
384.233
383.772
383.3
382.817
382.323
381.817
381.299
380.769
380.226
379.671
379.102
378.52
377.925
377.315
376.691
376.053
375.399
374.73
374.045
373.345
372.627
371.893
371.142
370.372
369.585
368.779
367.955
367.111
366.246
365.362
364.457
363.531
362.582
361.612
360.618
359.601
358.561
357.496
356.405
355.289
354.147
352.978
351.782
350.557
349.303
348.02
346.707
345.363
343.987
342.579
341.138
339.662
338.153
336.607
335.025
333.406
331.749
330.053
328.317
326.54
324.721
322.86
320.955
319.005
317.009
314.966
312.875
310.734
308.544
306.302
304.007
301.658
299.253
296.793
294.274
392.873
392.616
392.352
392.082
391.805
391.522
391.233
390.936
390.633
390.322
390.005
389.679
389.346
389.006
388.657
388.3
387.934
387.56
387.178
386.786
386.385
385.974
385.554
385.124
384.684
384.233
383.772
383.3
382.817
382.323
381.817
381.299
380.769
380.226
379.671
379.102
378.52
377.925
377.315
376.691
376.053
375.399
374.73
374.046
373.345
372.627
371.893
371.142
370.373
369.585
368.779
367.955
367.111
366.247
365.362
364.457
363.531
362.582
361.612
360.618
359.602
358.561
357.496
356.405
355.289
354.147
352.978
351.782
350.557
349.303
348.02
346.707
345.363
343.987
342.579
341.138
339.663
338.153
336.607
335.025
333.406
331.749
330.053
328.317
326.54
324.722
322.86
320.955
319.005
317.009
314.966
312.875
310.734
308.544
306.302
304.007
301.658
299.253
296.793
294.274
392.873
392.616
392.352
392.082
391.805
391.522
391.233
390.936
390.633
390.323
390.005
389.679
389.346
389.006
388.657
388.3
387.934
387.56
387.178
386.786
386.385
385.974
385.554
385.124
384.684
384.233
383.772
383.3
382.817
382.323
381.817
381.299
380.769
380.226
379.671
379.102
378.52
377.925
377.315
376.691
376.053
375.399
374.73
374.046
373.345
372.627
371.893
371.142
370.373
369.585
368.78
367.955
367.111
366.247
365.362
364.457
363.531
362.582
361.612
360.618
359.602
358.561
357.496
356.405
355.289
354.147
352.978
351.782
350.557
349.303
348.02
346.707
345.363
343.987
342.579
341.138
339.663
338.153
336.607
335.025
333.406
331.749
330.053
328.317
326.54
324.722
322.86
320.955
319.005
317.009
314.966
312.875
310.734
308.544
306.302
304.007
301.658
299.253
296.793
294.274
392.874
392.616
392.352
392.082
391.805
391.522
391.233
390.936
390.633
390.323
390.005
389.679
389.347
389.006
388.657
388.3
387.934
387.56
387.178
386.786
386.385
385.974
385.554
385.124
384.684
384.234
383.772
383.3
382.817
382.323
381.817
381.299
380.769
380.226
379.671
379.102
378.52
377.925
377.315
376.692
376.053
375.399
374.73
374.046
373.345
372.627
371.893
371.142
370.373
369.585
368.78
367.955
367.111
366.247
365.362
364.457
363.531
362.582
361.612
360.618
359.602
358.561
357.496
356.405
355.289
354.147
352.978
351.782
350.557
349.303
348.02
346.707
345.363
343.987
342.579
341.138
339.663
338.153
336.607
335.025
333.406
331.749
330.053
328.317
326.54
324.722
322.86
320.955
319.005
317.009
314.966
312.875
310.734
308.544
306.302
304.007
301.658
299.253
296.793
294.274
392.874
392.616
392.352
392.082
391.805
391.522
391.233
390.936
390.633
390.323
390.005
389.679
389.347
389.006
388.657
388.3
387.935
387.561
387.178
386.786
386.385
385.974
385.554
385.124
384.684
384.234
383.772
383.3
382.817
382.323
381.817
381.299
380.769
380.226
379.671
379.102
378.521
377.925
377.315
376.692
376.053
375.399
374.73
374.046
373.345
372.627
371.893
371.142
370.373
369.585
368.78
367.955
367.111
366.247
365.362
364.457
363.531
362.582
361.612
360.618
359.602
358.561
357.496
356.405
355.29
354.147
352.978
351.782
350.557
349.303
348.02
346.707
345.363
343.987
342.579
341.138
339.663
338.153
336.607
335.025
333.406
331.749
330.053
328.317
326.54
324.722
322.86
320.955
319.005
317.009
314.966
312.875
310.734
308.544
306.302
304.007
301.658
299.253
296.793
294.274
392.874
392.616
392.352
392.082
391.805
391.523
391.233
390.937
390.633
390.323
390.005
389.68
389.347
389.006
388.657
388.3
387.935
387.561
387.178
386.786
386.385
385.974
385.554
385.124
384.684
384.234
383.772
383.301
382.817
382.323
381.817
381.299
380.769
380.226
379.671
379.102
378.521
377.925
377.315
376.692
376.053
375.399
374.73
374.046
373.345
372.628
371.893
371.142
370.373
369.585
368.78
367.955
367.111
366.247
365.362
364.457
363.531
362.582
361.612
360.618
359.602
358.561
357.496
356.405
355.29
354.147
352.978
351.782
350.557
349.303
348.02
346.707
345.363
343.987
342.579
341.138
339.663
338.153
336.607
335.025
333.406
331.749
330.053
328.317
326.54
324.722
322.86
320.955
319.005
317.009
314.966
312.875
310.734
308.544
306.302
304.007
301.658
299.253
296.793
294.274
392.874
392.616
392.352
392.082
391.805
391.522
391.233
390.937
390.633
390.323
390.005
389.68
389.347
389.006
388.657
388.3
387.935
387.561
387.178
386.786
386.385
385.974
385.554
385.124
384.684
384.234
383.772
383.301
382.817
382.323
381.817
381.299
380.769
380.226
379.671
379.102
378.521
377.925
377.315
376.692
376.053
375.399
374.73
374.046
373.345
372.628
371.893
371.142
370.373
369.585
368.78
367.955
367.111
366.247
365.362
364.457
363.531
362.582
361.612
360.618
359.602
358.561
357.496
356.405
355.29
354.147
352.978
351.782
350.557
349.303
348.02
346.707
345.363
343.987
342.579
341.138
339.663
338.153
336.607
335.025
333.406
331.749
330.053
328.317
326.54
324.722
322.86
320.955
319.005
317.009
314.966
312.875
310.734
308.544
306.302
304.007
301.658
299.253
296.793
294.274
)
;

boundaryField
{
    left
    {
        type            fixedGradient;
        gradient        uniform 500;
    }
    right
    {
        type            fixedValue;
        value           uniform 293;
    }
    frontAndBack
    {
        type            empty;
    }
    top_bottom
    {
        type            zeroGradient;
    }
}


// ************************************************************************* //
